3.248444740862254765e+00
3.247852262005318735e+00
3.246188285889461067e+00
3.243756447255998321e+00
3.240959111469186915e+00
3.238194726168098558e+00
3.235784664867294769e+00
3.233946494871409616e+00
3.232804914517775519e+00
3.232418833288714488e+00
3.232804915849297966e+00
3.233946497474248005e+00
3.235784668590591107e+00
3.238194730722664616e+00
3.240959116387565064e+00
3.243756451900906779e+00
3.246188289540917982e+00
3.247852264021761304e+00
3.248444740862255653e+00
3.247852263013540686e+00
3.246188287715190413e+00
3.243756449578452994e+00
3.240959113928375768e+00
3.238194728445382697e+00
3.235784666728943826e+00
3.233946496172842799e+00
3.232804915183536298e+00
3.232418833288714932e+00
3.232804915183536298e+00
3.233946496172823259e+00
3.235784666728943826e+00
3.238194728445382697e+00
3.240959113928375768e+00
3.243756449578452994e+00
3.246188287715190413e+00
3.247852263013540686e+00
