3.221908875748908496e+00
3.221908875748908496e+00
3.221908875748908496e+00
3.221908875748908496e+00
3.221908875748908496e+00
3.221908875748908496e+00
3.221908875748908496e+00
3.221908875748908496e+00
3.221908875748908496e+00
3.221908875748908496e+00
3.221908875748908496e+00
3.221908875748908496e+00
3.221908875748908496e+00
3.221908875748908496e+00
3.221908875748908496e+00
3.221908875748908496e+00
3.221908875748908496e+00
3.221908875748908496e+00
3.221908875748908496e+00
3.221908875748908496e+00
3.221908875748908496e+00
3.221908875748908496e+00
3.221908875748908496e+00
3.221908875748908496e+00
3.221908875748908496e+00
3.221908875748908496e+00
3.221908875748908496e+00
3.221908875748908496e+00
3.221908875748908496e+00
3.221908875748908496e+00
3.221908875748908496e+00
3.221908875748908496e+00
3.221908875748908496e+00
3.221908875748908496e+00
3.221908875748908496e+00
3.221908875748908496e+00
