0 5.8 3.46 2.72
20 5.8 3.46 2.72
20 5.8 3.46 2.72
35 6.5 3.85 2.92
35 6.5 3.85 2.92
77 8.0425 4.485 3.3326
77 8.0425 4.485 3.3326
120 8.0475 4.495 3.3584
120 8.0475 4.495 3.3584
165 8.1123 4.5045 3.399
165 8.1123 4.5045 3.399
210 8.2374 4.5137 3.3477
210 8.2374 4.5137 3.3477
260 8.3905 4.5634 3.3453
260 8.3905 4.5634 3.3453
310 8.5726 4.6525 3.3886
310 8.5726 4.6525 3.3886
360 8.7553 4.7394 3.4344
360 8.7553 4.7394 3.4344
410 8.938 4.8263 3.4822
410 8.938 4.8263 3.4822
460 9.4433 5.133 3.9295
460 9.4433 5.133 3.9295
510 9.6114 5.2388 3.9253
510 9.6114 5.2388 3.9253
560 9.7794 5.345 3.9225
560 9.7794 5.345 3.9225
610 9.9473 5.4513 3.9212
610 9.9473 5.4513 3.9212
660 10.1153 5.557 3.9204
660 10.1153 5.557 3.9204
710 10.8562 6.0246 4.2687
710 10.8562 6.0246 4.2687
760 10.9883 6.1493 4.3275
760 10.9883 6.1493 4.3275
809.5 11.0953 6.2262 4.3842
809.5 11.0953 6.2262 4.3842
859 11.179 6.2611 4.4384
859 11.179 6.2611 4.4384
908.5 11.2646 6.2981 4.4906
908.5 11.2646 6.2981 4.4906
958 11.3481 6.3341 4.5408
958 11.3481 6.3341 4.5408
1007.5 11.4299 6.3689 4.579
1007.5 11.4299 6.3689 4.579
1057 11.5097 6.4021 4.6062
1057 11.5097 6.4021 4.6062
1106.5 11.5878 6.4348 4.6333
1106.5 11.5878 6.4348 4.6333
1156 11.6641 6.4668 4.6601
1156 11.6641 6.4668 4.6601
1205.5 11.7393 6.4976 4.6868
1205.5 11.7393 6.4976 4.6868
1255 11.8128 6.5281 4.7134
1255 11.8128 6.5281 4.7134
1304.5 11.8848 6.5579 4.7397
1304.5 11.8848 6.5579 4.7397
1354 11.9549 6.5868 4.7659
1354 11.9549 6.5868 4.7659
1403.5 12.023 6.6147 4.792
1403.5 12.023 6.6147 4.792
1453 12.0908 6.6419 4.8179
1453 12.0908 6.6419 4.8179
1502.5 12.1579 6.6683 4.8435
1502.5 12.1579 6.6683 4.8435
1552 12.2234 6.6941 4.8689
1552 12.2234 6.6941 4.8689
1601.5 12.2869 6.7196 4.8943
1601.5 12.2869 6.7196 4.8943
1651 12.3496 6.7451 4.9195
1651 12.3496 6.7451 4.9195
1700.5 12.4119 6.7699 4.9445
1700.5 12.4119 6.7699 4.9445
1750 12.4728 6.7938 4.9693
1750 12.4728 6.7938 4.9693
1799.5 12.5333 6.8172 4.9939
1799.5 12.5333 6.8172 4.9939
1849 12.5931 6.8403 5.0184
1849 12.5931 6.8403 5.0184
1898.5 12.6516 6.863 5.0427
1898.5 12.6516 6.863 5.0427
1948 12.7095 6.8857 5.0668
1948 12.7095 6.8857 5.0668
1997.5 12.7669 6.9083 5.0908
1997.5 12.7669 6.9083 5.0908
2047 12.8239 6.9305 5.1146
2047 12.8239 6.9305 5.1146
2096.5 12.8808 6.952 5.1382
2096.5 12.8808 6.952 5.1382
2146 12.9377 6.9738 5.1616
2146 12.9377 6.9738 5.1616
2195.5 12.9944 6.996 5.1848
2195.5 12.9944 6.996 5.1848
2245 13.0505 7.0177 5.2078
2245 13.0505 7.0177 5.2078
2294.5 13.1061 7.0395 5.2306
2294.5 13.1061 7.0395 5.2306
2344 13.1615 7.0613 5.2533
2344 13.1615 7.0613 5.2533
2393.5 13.2179 7.0827 5.2758
2393.5 13.2179 7.0827 5.2758
2443 13.274 7.1038 5.2981
2443 13.274 7.1038 5.2981
2492.5 13.33 7.1256 5.3202
2492.5 13.33 7.1256 5.3202
2542 13.3869 7.1476 5.3422
2542 13.3869 7.1476 5.3422
2591.5 13.4448 7.1694 5.3639
2591.5 13.4448 7.1694 5.3639
2640 13.5025 7.1917 5.3855
2640 13.5025 7.1917 5.3855
2690 13.5604 7.2142 5.4069
2690 13.5604 7.2142 5.4069
2740 13.6198 7.2369 5.4282
2740 13.6198 7.2369 5.4282
2789.67 13.6516 7.2539 5.7065
2789.67 13.6516 7.2539 5.7065
2839.33 13.6552 7.2646 5.7327
2839.33 13.6552 7.2646 5.7327
2891.5 13.6585 7.2758 5.759
2891.5 13.6585 7.2758 5.759
2939.33 8.0191 0 9.9543
2939.33 8.0191 0 9.9543
2989.66 8.083 0 10.0332
2989.66 8.083 0 10.0332
3039.99 8.1745 0 10.1103
3039.99 8.1745 0 10.1103
3090.32 8.2665 0 10.1859
3090.32 8.2665 0 10.1859
3140.66 8.3559 0 10.2598
3140.66 8.3559 0 10.2598
3190.99 8.4429 0 10.3321
3190.99 8.4429 0 10.3321
3241.32 8.5274 0 10.4029
3241.32 8.5274 0 10.4029
3291.65 8.6092 0 10.472
3291.65 8.6092 0 10.472
3341.98 8.6888 0 10.5396
3341.98 8.6888 0 10.5396
3392.31 8.7658 0 10.6058
3392.31 8.7658 0 10.6058
3442.64 8.8397 0 10.6704
3442.64 8.8397 0 10.6704
3492.97 8.911 0 10.7335
3492.97 8.911 0 10.7335
3543.3 8.9798 0 10.7952
3543.3 8.9798 0 10.7952
3593.64 9.0464 0 10.8554
3593.64 9.0464 0 10.8554
3643.97 9.1108 0 10.9143
3643.97 9.1108 0 10.9143
3694.3 9.1733 0 10.9718
3694.3 9.1733 0 10.9718
3744.63 9.2337 0 11.0278
3744.63 9.2337 0 11.0278
3794.96 9.2919 0 11.0825
3794.96 9.2919 0 11.0825
3845.29 9.3482 0 11.1359
3845.29 9.3482 0 11.1359
3895.62 9.4028 0 11.188
3895.62 9.4028 0 11.188
3945.95 9.4555 0 11.2388
3945.95 9.4555 0 11.2388
3996.28 9.5059 0 11.2883
3996.28 9.5059 0 11.2883
4046.62 9.5541 0 11.3365
4046.62 9.5541 0 11.3365
4096.95 9.6004 0 11.3836
4096.95 9.6004 0 11.3836
4147.28 9.6452 0 11.4295
4147.28 9.6452 0 11.4295
4197.61 9.6886 0 11.4741
4197.61 9.6886 0 11.4741
4247.94 9.7306 0 11.5176
4247.94 9.7306 0 11.5176
4298.27 9.7713 0 11.56
4298.27 9.7713 0 11.56
4348.6 9.8109 0 11.6012
4348.6 9.8109 0 11.6012
4398.93 9.8493 0 11.6414
4398.93 9.8493 0 11.6414
4449.26 9.8866 0 11.6805
4449.26 9.8866 0 11.6805
4499.6 9.923 0 11.7185
4499.6 9.923 0 11.7185
4549.93 9.9585 0 11.7555
4549.93 9.9585 0 11.7555
4600.26 9.9932 0 11.7915
4600.26 9.9932 0 11.7915
4650.59 10.0271 0 11.8265
4650.59 10.0271 0 11.8265
4700.92 10.0603 0 11.8605
4700.92 10.0603 0 11.8605
4751.25 10.0931 0 11.8935
4751.25 10.0931 0 11.8935
4801.58 10.1255 0 11.9256
4801.58 10.1255 0 11.9256
4851.91 10.1577 0 11.9568
4851.91 10.1577 0 11.9568
4902.24 10.1894 0 11.9862
4902.24 10.1894 0 11.9862
4952.58 10.2189 0 12.0156
4952.58 10.2189 0 12.0156
5002.91 10.2447 0 12.0452
5002.91 10.2447 0 12.0452
5053.24 10.2655 0 12.073
5053.24 10.2655 0 12.073
5103.57 10.2799 0 12.1
5103.57 10.2799 0 12.1
5153.5 10.2872 0 12.1262
5153.5 10.2872 0 12.1262
