3.623279013061437848e+00
3.623277588768295310e+00
3.623279934620864839e+00
3.623302926377080624e+00
3.623365302115717057e+00
3.623476177610322146e+00
3.623625336532878993e+00
3.623781309930766970e+00
3.623900619714193194e+00
3.623945393698102979e+00
3.623900619864581341e+00
3.623781310181794613e+00
3.623625336808521169e+00
3.623476177841500778e+00
3.623365302265355581e+00
3.623302926446231531e+00
3.623279934637032795e+00
3.623277588765362545e+00
3.623279013061437848e+00
3.623277588766828927e+00
3.623279934628948151e+00
3.623302926411655189e+00
3.623365302190536763e+00
3.623476177725911462e+00
3.623625336670700747e+00
3.623781310056280791e+00
3.623900619789386379e+00
3.623945393698103423e+00
3.623900619789386379e+00
3.623781310056280791e+00
3.623625336670700747e+00
3.623476177725911462e+00
3.623365302190536763e+00
3.623302926411655189e+00
3.623279934628948151e+00
3.623277588766828927e+00
