3.582085704582753216e+00
3.585923816542349929e+00
3.595641593506644806e+00
3.606717066884282286e+00
3.614056111176960240e+00
3.614380091510464688e+00
3.607729387055729653e+00
3.597381291938481329e+00
3.588264414358155907e+00
3.584664191368409636e+00
3.588264402408570586e+00
3.597381273634563392e+00
3.607729371041425104e+00
3.614380085504043993e+00
3.614056118318919708e+00
3.606717084147503360e+00
3.595641613028035088e+00
3.585923829279137109e+00
4.375719002261800661e+00
3.585923822910741521e+00
3.595641603267339281e+00
3.606717075515894599e+00
3.614056114747942861e+00
3.614380088507256783e+00
3.607729379048579155e+00
3.597381282786522583e+00
3.588264408383361470e+00
3.584664191368406083e+00
3.588264408383361470e+00
3.597381282786522583e+00
3.607729379048579155e+00
3.614380088507256783e+00
3.614056114747942861e+00
3.606717075515894599e+00
3.595641603267339281e+00
3.585923822910741521e+00
