3.248444606444711447e+00
3.246956086065464486e+00
3.242839039391000711e+00
3.236993223424934563e+00
3.230549885634367069e+00
3.224559758437471668e+00
3.219766857836050988e+00
3.216496266753605227e+00
3.214693864873785056e+00
3.214133220670726931e+00
3.214693862894299148e+00
3.216496262417739338e+00
3.219766850828258864e+00
3.224559748951843829e+00
3.230549874608728445e+00
3.236993212462562663e+00
3.242839030458978034e+00
3.246956081019739315e+00
3.582085704582758989e+00
3.246956083542602123e+00
3.242839034924991370e+00
3.236993217943748391e+00
3.230549880121547535e+00
3.224559753694657083e+00
3.219766854332154260e+00
3.216496264584166376e+00
3.214693863884042990e+00
3.214133220670727376e+00
3.214693863884042990e+00
3.216496264592145327e+00
3.219766854332154260e+00
3.224559753694657083e+00
3.230549880121547535e+00
3.236993217943748391e+00
3.242839034924991370e+00
3.246956083542602123e+00
