3.236456544703230520e+00
3.601781088486295079e+00
3.234047547767634700e+00
3.231427595230572436e+00
3.228438769107554673e+00
3.225595035652444320e+00
3.223303074073605057e+00
3.221753149039498165e+00
3.220916233840135146e+00
3.220660645248730525e+00
3.220916232932772960e+00
3.221753147007301532e+00
3.223303070730147102e+00
3.225595031119446787e+00
3.228438763920334242e+00
3.231427590227661018e+00
3.234047543843309391e+00
3.235827793547717324e+00
3.236456544703230964e+00
3.235827794620346864e+00
3.234047545805473600e+00
3.231427592729116949e+00
3.228438766513943570e+00
3.225595033385943111e+00
3.223303072401876967e+00
3.221753148023402957e+00
3.220916233386454053e+00
3.220660645248735410e+00
3.220916233386454053e+00
3.221753148023402957e+00
3.223303072401876967e+00
3.225595033385943111e+00
3.228438766513943570e+00
3.231427592729116949e+00
3.234047545805473600e+00
3.235827794620346864e+00
