     0.000    0.63231343    0.00000000     1.000
     0.062    0.62592328   -0.00000000     1.000
     0.125    0.60706168    0.00000000     1.000
     0.188    0.57663500   -0.00000000     1.000
     0.250    0.53608638    0.00000000     1.000
     0.312    0.48730057   -0.00000000     1.000
     0.375    0.43248123    0.00000000     1.000
     0.438    0.37401047   -0.00000000     1.000
     0.500    0.31430188    0.00000000     1.000
     0.562    0.25565684   -0.00000000     1.000
     0.625    0.20013651    0.00000000     1.000
     0.688    0.14945658   -0.00000000     1.000
     0.750    0.10491242    0.00000000     1.000
     0.812    0.06733774   -0.00000000     1.000
     0.875    0.03709887    0.00000000     1.000
     0.938    0.01412142   -0.00000000     1.000
     1.000   -0.00205428    0.00000000     1.000
     1.062   -0.01219618   -0.00000000     1.000
     1.125   -0.01728880    0.00000000     1.000
     1.188   -0.01843683   -0.00000000     1.000
     1.250   -0.01677065    0.00000000     1.000
     1.312   -0.01336239   -0.00000000     1.000
     1.375   -0.00915727    0.00000000     1.000
     1.438   -0.00492509   -0.00000000     1.000
     1.500   -0.00123260    0.00000000     1.000
     1.562    0.00156254   -0.00000000     1.000
     1.625    0.00329925    0.00000000     1.000
     1.688    0.00398521   -0.00000000     1.000
     1.750    0.00375836    0.00000000     1.000
     1.812    0.00284295   -0.00000000     1.000
     1.875    0.00150532    0.00000000     1.000
     1.938    0.00001325   -0.00000000     1.000
     2.000   -0.00139691    0.00000000     1.000
     2.062   -0.00254387   -0.00000000     1.000
     2.125   -0.00331402    0.00000000     1.000
     2.188   -0.00366408   -0.00000000     1.000
     2.250   -0.00361468    0.00000000     1.000
     2.312   -0.00323702   -0.00000000     1.000
     2.375   -0.00263558    0.00000000     1.000
     2.438   -0.00192905   -0.00000000     1.000
     2.500   -0.00123258    0.00000000     1.000
     2.562   -0.00064289   -0.00000000     1.000
     2.625   -0.00022814    0.00000000     1.000
     2.688   -0.00002254   -0.00000000     1.000
     2.750   -0.00002677    0.00000000     1.000
     2.812   -0.00021204   -0.00000000     1.000
     2.875   -0.00052822    0.00000000     1.000
     2.938   -0.00091316   -0.00000000     1.000
     3.000   -0.00130300    0.00000000     1.000
     3.062   -0.00164097   -0.00000000     1.000
     3.125   -0.00188451    0.00000000     1.000
     3.188   -0.00200940   -0.00000000     1.000
     3.250   -0.00201106    0.00000000     1.000
     3.312   -0.00190291   -0.00000000     1.000
     3.375   -0.00171252    0.00000000     1.000
     3.438   -0.00147607   -0.00000000     1.000
     3.500   -0.00123260    0.00000000     1.000
     3.562   -0.00101787   -0.00000000     1.000
     3.625   -0.00086001    0.00000000     1.000
     3.688   -0.00077598   -0.00000000     1.000
     3.750   -0.00077064    0.00000000     1.000
     3.812   -0.00083690   -0.00000000     1.000
     3.875   -0.00095824    0.00000000     1.000
     3.938   -0.00111163   -0.00000000     1.000
     4.000   -0.00127170    0.00000000     1.000
     4.062   -0.00141439   -0.00000000     1.000
     4.125   -0.00152035    0.00000000     1.000
     4.188   -0.00157730   -0.00000000     1.000
     4.250   -0.00158111    0.00000000     1.000
     4.312   -0.00153572   -0.00000000     1.000
     4.375   -0.00145188    0.00000000     1.000
     4.438   -0.00134500   -0.00000000     1.000
     4.500   -0.00123258    0.00000000     1.000
     4.562   -0.00113147   -0.00000000     1.000
     4.625   -0.00105555    0.00000000     1.000
     4.688   -0.00101389   -0.00000000     1.000
     4.750   -0.00100987    0.00000000     1.000
     4.812   -0.00104113   -0.00000000     1.000
     4.875   -0.00110034    0.00000000     1.000
     4.938   -0.00117663   -0.00000000     1.000
     5.000   -0.00125747    0.00000000     1.000
     5.062   -0.00133057   -0.00000000     1.000
     5.125   -0.00138570    0.00000000     1.000
     5.188   -0.00141595   -0.00000000     1.000
     5.250   -0.00141861    0.00000000     1.000
     5.312   -0.00139515   -0.00000000     1.000
     5.375   -0.00135082    0.00000000     1.000
     5.438   -0.00129353   -0.00000000     1.000
     5.500   -0.00123259    0.00000000     1.000
     5.562   -0.00117719   -0.00000000     1.000
     5.625   -0.00113515    0.00000000     1.000
     5.688   -0.00111174   -0.00000000     1.000
     5.750   -0.00110921    0.00000000     1.000
     5.812   -0.00112657   -0.00000000     1.000
     5.875   -0.00115996    0.00000000     1.000
     5.938   -0.00120339   -0.00000000     1.000
     6.000   -0.00124980    0.00000000     1.000
     6.062   -0.00129210   -0.00000000     1.000
     6.125   -0.00132426    0.00000000     1.000
     6.188   -0.00134206   -0.00000000     1.000
     6.250   -0.00134372    0.00000000     1.000
     6.312   -0.00132991   -0.00000000     1.000
     6.375   -0.00130356    0.00000000     1.000
     6.438   -0.00126927   -0.00000000     1.000
     6.500   -0.00123258    0.00000000     1.000
     6.562   -0.00119904   -0.00000000     1.000
     6.625   -0.00117344    0.00000000     1.000
     6.688   -0.00115911   -0.00000000     1.000
     6.750   -0.00115756    0.00000000     1.000
     6.812   -0.00116829   -0.00000000     1.000
     6.875   -0.00118902    0.00000000     1.000
     6.938   -0.00121613   -0.00000000     1.000
     7.000   -0.00124521    0.00000000     1.000
     7.062   -0.00127183   -0.00000000     1.000
     7.125   -0.00129212    0.00000000     1.000
     7.188   -0.00130340   -0.00000000     1.000
     7.250   -0.00130440    0.00000000     1.000
     7.312   -0.00129552   -0.00000000     1.000
     7.375   -0.00127852    0.00000000     1.000
     7.438   -0.00125637   -0.00000000     1.000
     7.500   -0.00123256    0.00000000     1.000
     7.562   -0.00121077   -0.00000000     1.000
     7.625   -0.00119406    0.00000000     1.000
     7.688   -0.00118475   -0.00000000     1.000
     7.750   -0.00118378    0.00000000     1.000
     7.812   -0.00119095   -0.00000000     1.000
     7.875   -0.00120472    0.00000000     1.000
     7.938   -0.00122280   -0.00000000     1.000
     8.000   -0.00124223    0.00000000     1.000
     8.062   -0.00126003   -0.00000000     1.000
     8.125   -0.00127363    0.00000000     1.000
     8.188   -0.00128116   -0.00000000     1.000
     8.250   -0.00128178    0.00000000     1.000
     8.312   -0.00127567   -0.00000000     1.000
     8.375   -0.00126405    0.00000000     1.000
     8.438   -0.00124888   -0.00000000     1.000
     8.500   -0.00123258    0.00000000     1.000
     8.562   -0.00121762   -0.00000000     1.000
     8.625   -0.00120619    0.00000000     1.000
     8.688   -0.00119981   -0.00000000     1.000
     8.750   -0.00119923    0.00000000     1.000
     8.812   -0.00120426   -0.00000000     1.000
     8.875   -0.00121394    0.00000000     1.000
     8.938   -0.00122659   -0.00000000     1.000
     9.000   -0.00124020    0.00000000     1.000
     9.062   -0.00125268   -0.00000000     1.000
     9.125   -0.00126220    0.00000000     1.000
     9.188   -0.00126745   -0.00000000     1.000
     9.250   -0.00126780    0.00000000     1.000
     9.312   -0.00126340   -0.00000000     1.000
     9.375   -0.00125508    0.00000000     1.000
     9.438   -0.00124424   -0.00000000     1.000
     9.500   -0.00123258    0.00000000     1.000
     9.562   -0.00122189   -0.00000000     1.000
     9.625   -0.00121373    0.00000000     1.000
     9.688   -0.00120920   -0.00000000     1.000
     9.750   -0.00120886    0.00000000     1.000
     9.812   -0.00121257   -0.00000000     1.000
     9.875   -0.00121963    0.00000000     1.000
     9.938   -0.00122884   -0.00000000     1.000
    10.000   -0.00123874    0.00000000     1.000
    10.062   -0.00124782   -0.00000000     1.000
    10.125   -0.00125473    0.00000000     1.000
    10.188   -0.00125851   -0.00000000     1.000
    10.250   -0.00125870    0.00000000     1.000
    10.312   -0.00125540   -0.00000000     1.000
    10.375   -0.00124923    0.00000000     1.000
    10.438   -0.00124120   -0.00000000     1.000
    10.500   -0.00123258    0.00000000     1.000
    10.562   -0.00122468   -0.00000000     1.000
    10.625   -0.00121867    0.00000000     1.000
    10.688   -0.00121536   -0.00000000     1.000
    10.750   -0.00121517    0.00000000     1.000
    10.812   -0.00121799   -0.00000000     1.000
    10.875   -0.00122332    0.00000000     1.000
    10.938   -0.00123024   -0.00000000     1.000
    11.000   -0.00123767    0.00000000     1.000
    11.062   -0.00124447   -0.00000000     1.000
    11.125   -0.00124963    0.00000000     1.000
    11.188   -0.00125243   -0.00000000     1.000
    11.250   -0.00125252    0.00000000     1.000
    11.312   -0.00124997   -0.00000000     1.000
    11.375   -0.00124525    0.00000000     1.000
    11.438   -0.00123913   -0.00000000     1.000
    11.500   -0.00123259    0.00000000     1.000
    11.562   -0.00122659   -0.00000000     1.000
    11.625   -0.00122204    0.00000000     1.000
    11.688   -0.00121956   -0.00000000     1.000
    11.750   -0.00121947    0.00000000     1.000
    11.812   -0.00122168   -0.00000000     1.000
    11.875   -0.00122580    0.00000000     1.000
    11.938   -0.00123113   -0.00000000     1.000
    12.000   -0.00123685    0.00000000     1.000
    12.062   -0.00124207   -0.00000000     1.000
    12.125   -0.00124602    0.00000000     1.000
    12.188   -0.00124813   -0.00000000     1.000
    12.250   -0.00124816    0.00000000     1.000
    12.312   -0.00124614   -0.00000000     1.000
    12.375   -0.00124245    0.00000000     1.000
    12.438   -0.00123767   -0.00000000     1.000
    12.500   -0.00123258    0.00000000     1.000
    12.562   -0.00122793   -0.00000000     1.000
    12.625   -0.00122441    0.00000000     1.000
    12.688   -0.00122252   -0.00000000     1.000
    12.750   -0.00122249    0.00000000     1.000
    12.812   -0.00122426   -0.00000000     1.000
    12.875   -0.00122752    0.00000000     1.000
    12.938   -0.00123172   -0.00000000     1.000
    13.000   -0.00123622    0.00000000     1.000
    13.062   -0.00124031   -0.00000000     1.000
    13.125   -0.00124339    0.00000000     1.000
    13.188   -0.00124502   -0.00000000     1.000
    13.250   -0.00124500    0.00000000     1.000
    13.312   -0.00124337   -0.00000000     1.000
    13.375   -0.00124041    0.00000000     1.000
    13.438   -0.00123662   -0.00000000     1.000
    13.500   -0.00123258    0.00000000     1.000
    13.562   -0.00122890   -0.00000000     1.000
    13.625   -0.00122613    0.00000000     1.000
    13.688   -0.00122466   -0.00000000     1.000
    13.750   -0.00122467    0.00000000     1.000
    13.812   -0.00122612   -0.00000000     1.000
    13.875   -0.00122875    0.00000000     1.000
    13.938   -0.00123212   -0.00000000     1.000
    14.000   -0.00123571    0.00000000     1.000
    14.062   -0.00123898   -0.00000000     1.000
    14.125   -0.00124142    0.00000000     1.000
    14.188   -0.00124270   -0.00000000     1.000
    14.250   -0.00124265    0.00000000     1.000
    14.312   -0.00124131   -0.00000000     1.000
    14.375   -0.00123891    0.00000000     1.000
    14.438   -0.00123584   -0.00000000     1.000
    14.500   -0.00123258    0.00000000     1.000
    14.562   -0.00122963   -0.00000000     1.000
    14.625   -0.00122741    0.00000000     1.000
    14.688   -0.00122625   -0.00000000     1.000
    14.750   -0.00122629    0.00000000     1.000
    14.812   -0.00122749   -0.00000000     1.000
    14.875   -0.00122964    0.00000000     1.000
    14.938   -0.00123239   -0.00000000     1.000
    15.000   -0.00123531    0.00000000     1.000
    15.062   -0.00123795   -0.00000000     1.000
    15.125   -0.00123992    0.00000000     1.000
    15.188   -0.00124093   -0.00000000     1.000
    15.250   -0.00124087    0.00000000     1.000
    15.312   -0.00123973   -0.00000000     1.000
    15.375   -0.00123777    0.00000000     1.000
    15.438   -0.00123523   -0.00000000     1.000
    15.500   -0.00123260    0.00000000     1.000
    15.562   -0.00123015   -0.00000000     1.000
    15.625   -0.00122839    0.00000000     1.000
    15.688   -0.00122742   -0.00000000     1.000
    15.750   -0.00122752    0.00000000     1.000
    15.812   -0.00122849   -0.00000000     1.000
    15.875   -0.00123031    0.00000000     1.000
    15.938   -0.00123254   -0.00000000     1.000
    16.000   -0.00123497    0.00000000     1.000
    16.062   -0.00123714   -0.00000000     1.000
    16.125   -0.00123875    0.00000000     1.000
    16.188   -0.00123956   -0.00000000     1.000
    16.250   -0.00123949    0.00000000     1.000
    16.312   -0.00123853   -0.00000000     1.000
    16.375   -0.00123688    0.00000000     1.000
    16.438   -0.00123478   -0.00000000     1.000
    16.500   -0.00123258    0.00000000     1.000
    16.562   -0.00123059   -0.00000000     1.000
    16.625   -0.00122912    0.00000000     1.000
    16.688   -0.00122836   -0.00000000     1.000
    16.750   -0.00122844    0.00000000     1.000
    16.812   -0.00122929   -0.00000000     1.000
    16.875   -0.00123080    0.00000000     1.000
    16.938   -0.00123270   -0.00000000     1.000
    17.000   -0.00123470    0.00000000     1.000
    17.062   -0.00123650   -0.00000000     1.000
    17.125   -0.00123782    0.00000000     1.000
    17.188   -0.00123849   -0.00000000     1.000
    17.250   -0.00123840    0.00000000     1.000
    17.312   -0.00123759   -0.00000000     1.000
    17.375   -0.00123619    0.00000000     1.000
    17.438   -0.00123443   -0.00000000     1.000
    17.500   -0.00123258    0.00000000     1.000
    17.562   -0.00123092   -0.00000000     1.000
    17.625   -0.00122970    0.00000000     1.000
    17.688   -0.00122909   -0.00000000     1.000
    17.750   -0.00122917    0.00000000     1.000
    17.812   -0.00122990   -0.00000000     1.000
    17.875   -0.00123118    0.00000000     1.000
    17.938   -0.00123279   -0.00000000     1.000
    18.000   -0.00123447    0.00000000     1.000
    18.062   -0.00123598   -0.00000000     1.000
    18.125   -0.00123708    0.00000000     1.000
    18.188   -0.00123762   -0.00000000     1.000
    18.250   -0.00123753    0.00000000     1.000
    18.312   -0.00123683   -0.00000000     1.000
    18.375   -0.00123564    0.00000000     1.000
    18.438   -0.00123414   -0.00000000     1.000
    18.500   -0.00123258    0.00000000     1.000
    18.562   -0.00123118   -0.00000000     1.000
    18.625   -0.00123016    0.00000000     1.000
    18.688   -0.00122966   -0.00000000     1.000
