sedi 0.169999 6.68764e-07
moho  42.1231 6.39647e-05
       0        0        0        0        0        0        0
    0.05        0     0.05        0     0.05        0        0
     0.1        0      0.1        0      0.1        0        0
    0.15        0     0.15        0     0.15        0        0
   0.169        0    0.169        0    0.169        0        0
    1.17  1.35971     1.17  3.05603 0.169999        0  1.69632
    2.17  1.35971     2.17  3.05603     1.17  4.75235  1.69632
    3.17  1.35971     3.17  3.05603     2.17  4.75235  1.69632
    4.17  1.35971     4.17  3.05603     3.17  4.75235  1.69632
    5.17  1.35971     5.17  3.05603     4.17  4.75235  1.69632
    6.17  1.35971     6.17  3.05603     5.17  4.75235  1.69632
    7.17  1.35971     7.17  3.05603     6.17  4.75235  1.69632
    8.17  1.35971     8.17  3.05603     7.17  4.75235  1.69632
    9.17  1.35971     9.17  3.05603     8.17  4.75235  1.69632
   10.17  1.35971    10.17  3.05603     9.17  4.75235  1.69632
   11.17  2.96203    11.17  5.48766    10.17  4.75235  2.52563
   12.17  2.96203    12.17  5.48766    11.17  8.01329  2.52563
   13.17  2.96203    13.17  5.48766    12.17  8.01329  2.52563
   14.17  2.96203    14.17  5.48766    13.17  8.01329  2.52563
   15.17  2.96203    15.17  5.48766    14.17  8.01329  2.52563
   16.17  2.96203    16.17  5.48766    15.17  8.01329  2.52563
   17.17  2.96203    17.17  5.48766    16.17  8.01329  2.52563
   18.17  2.96203    18.17  5.48766    17.17  8.01329  2.52563
   19.17  2.96203    19.17  5.48766    18.17  8.01329  2.52563
   20.17  2.96203    20.17  5.48766    19.17  8.01329  2.52563
   21.17  1.82209    21.17  4.52137    20.17  8.01329  2.69928
   22.17  1.82209    22.17  4.52137    21.17  7.22065  2.69928
   23.17  1.82209    23.17  4.52137    22.17  7.22065  2.69928
   24.17  1.82209    24.17  4.52137    23.17  7.22065  2.69928
   25.17  1.82209    25.17  4.52137    24.17  7.22065  2.69928
   26.17  1.82209    26.17  4.52137    25.17  7.22065  2.69928
   27.17  1.82209    27.17  4.52137    26.17  7.22065  2.69928
   28.17  1.82209    28.17  4.52137    27.17  7.22065  2.69928
   29.17  1.82209    29.17  4.52137    28.17  7.22065  2.69928
   30.17  1.82209    30.17  4.52137    29.17  7.22065  2.69928
   31.17  1.82209    31.17  4.52137    30.17  7.22065  2.69928
   32.17  1.33785    32.17  4.39365    31.17  7.22065   3.0558
   33.17  1.33785    33.17  4.39365    32.17  7.44945   3.0558
   34.17  1.33785    34.17  4.39365    33.17  7.44945   3.0558
   35.17  1.33785    35.17  4.39365    34.17  7.44945   3.0558
   36.17  1.33785    36.17  4.39365    35.17  7.44945   3.0558
   37.17  1.33785    37.17  4.39365    36.17  7.44945   3.0558
   38.17  1.33785    38.17  4.39365    37.17  7.44945   3.0558
   39.17  1.33785    39.17  4.39365    38.17  7.44945   3.0558
   40.17  1.33785    40.17  4.39365    39.17  7.44945   3.0558
   41.17  1.33785    41.17  4.39365    40.17  7.44945   3.0558
 42.1221  1.33785  42.1221  4.39365    41.17  7.44945   3.0558
  43.123  4.42037   43.123  5.71042  42.1221  7.44945  1.29005
  44.123  4.42037   44.123  5.71042   42.123  7.44945  1.29005
  45.123  4.42037   45.123  5.71042   43.123  7.00048  1.29005
  46.123  4.42037   46.123  5.71042   44.123  7.00048  1.29005
  47.123  4.42037   47.123  5.71042   45.123  7.00048  1.29005
  48.123  4.42037   48.123  5.71042   46.123  7.00048  1.29005
  49.123  4.42037   49.123  5.71042   47.123  7.00048  1.29005
  50.123  4.42037   50.123  5.71042   48.123  7.00048  1.29005
  51.123  4.42037   51.123  5.71042   49.123  7.00048  1.29005
  52.123  4.42037   52.123  5.71042   50.123  7.00048  1.29005
  53.123  4.42037   53.123  5.71042   51.123  7.00048  1.29005
  54.123  4.42037   54.123  5.71042   52.123  7.00048  1.29005
  55.123  4.42037   55.123  5.71042   53.123  7.00048  1.29005
  56.123  4.42037   56.123  5.71042   54.123  7.00048  1.29005
  57.123  4.42037   57.123  5.71042   55.123  7.00048  1.29005
  58.123  4.42037   58.123  5.71042   56.123  7.00048  1.29005
  59.123  4.42037   59.123  5.71042   57.123  7.00048  1.29005
  60.123  4.42037   60.123  5.71042   58.123  7.00048  1.29005
  61.123  4.42037   61.123  5.71042   59.123  7.00048  1.29005
  62.123  4.42037   62.123  5.71042   60.123  7.00048  1.29005
  63.123  4.42037   63.123  5.71042   61.123  7.00048  1.29005
  64.123  4.42037   64.123  5.71042   62.123  7.00048  1.29005
  65.123  4.42037   65.123  5.71042   63.123  7.00048  1.29005
  66.123  4.42037   66.123  5.71042   64.123  7.00048  1.29005
  67.123  4.42037   67.123  5.71042   65.123  7.00048  1.29005
  68.123  4.42037   68.123  5.71042   66.123  7.00048  1.29005
  69.123  4.42037   69.123  5.71042   67.123  7.00048  1.29005
  70.123  4.42037   70.123  5.71042   68.123  7.00048  1.29005
  71.123  4.42037   71.123  5.71042   69.123  7.00048  1.29005
  72.123  4.42037   72.123  5.71042   70.123  7.00048  1.29005
  73.123  4.42037   73.123  5.71042   71.123  7.00048  1.29005
  74.123  4.42038   74.123  5.71043   72.123  7.00048  1.29005
  75.123  4.42038   75.123  5.71043   73.123  7.00048  1.29005
  76.123  4.42038   76.123  5.71043   74.123  7.00048  1.29005
  77.123  4.42038   77.123  5.71043   75.123  7.00048  1.29005
  78.123  4.42038   78.123  5.71043   76.123  7.00048  1.29005
  79.123  4.42038   79.123  5.71043   77.123  7.00048  1.29005
  80.123  4.42038   80.123  5.71043   78.123  7.00048  1.29005
  81.123  4.42038   81.123  5.71043   79.123  7.00048  1.29005
  82.123  4.42038   82.123  5.71043   80.123  7.00048  1.29005
  83.123  4.42038   83.123  5.71043   81.123  7.00048  1.29005
  84.123  4.42038   84.123  5.71043   82.123  7.00048  1.29005
  85.123  4.42038   85.123  5.71043   83.123  7.00048  1.29005
  86.123  4.42038   86.123  5.71043   84.123  7.00048  1.29005
  87.123  4.42038   87.123  5.71043   85.123  7.00048  1.29005
  88.123  4.42038   88.123  5.71043   86.123  7.00048  1.29005
  89.123  4.42038   89.123  5.71043   87.123  7.00048  1.29005
  90.123  4.42038   90.123  5.71043   88.123  7.00048  1.29005
  91.123  4.42038   91.123  5.71043   89.123  7.00048  1.29005
  92.123  4.42038   92.123  5.71043   90.123  7.00048  1.29005
  93.123  4.42038   93.123  5.71043   91.123  7.00048  1.29005
  94.123  4.42038   94.123  5.71043   92.123  7.00048  1.29005
  95.123  4.42038   95.123  5.71043   93.123  7.00048  1.29005
  96.123  4.42038   96.123  5.71043   94.123  7.00048  1.29005
  97.123  4.42038   97.123  5.71043   95.123  7.00048  1.29005
  98.123  4.42038   98.123  5.71043   96.123  7.00048  1.29005
  99.123  4.42038   99.123  5.71043   97.123  7.00048  1.29005
 100.123  4.42038  100.123  5.71043   98.123  7.00048  1.29005
 101.123  4.42038  101.123  5.71043   99.123  7.00048  1.29005
 102.123  4.42038  102.123  5.71043  100.123  7.00048  1.29005
 103.123  4.42038  103.123  5.71043  101.123  7.00048  1.29005
 104.123  4.42038  104.123  5.71043  102.123  7.00048  1.29005
 105.123  4.42038  105.123  5.71043  103.123  7.00048  1.29005
 106.123  4.42037  106.123  5.71043  104.123  7.00048  1.29005
 107.123  4.42037  107.123  5.71043  105.123  7.00048  1.29005
 108.123  4.42037  108.123  5.71043  106.123  7.00048  1.29005
 109.123  4.42037  109.123  5.71043  107.123  7.00048  1.29005
 110.123  4.42037  110.123  5.71043  108.123  7.00048  1.29005
 111.123  4.42037  111.123  5.71043  109.123  7.00048  1.29005
 112.123  4.42037  112.123  5.71043  110.123  7.00048  1.29005
 113.123  4.42037  113.123  5.71043  111.123  7.00048  1.29005
 114.123  4.42037  114.123  5.71043  112.123  7.00048  1.29005
 115.123  4.42037  115.123  5.71043  113.123  7.00048  1.29005
 116.123  4.42037  116.123  5.71043  114.123  7.00048  1.29005
 117.123  4.42037  117.123  5.71043  115.123  7.00048  1.29005
 118.123  4.42037  118.123  5.71043  116.123  7.00048  1.29005
 119.123  4.42037  119.123  5.71043  117.123  7.00048  1.29005
 120.123  4.42037  120.123  5.71043  118.123  7.00048  1.29005
 121.123  4.42037  121.123  5.71043  119.123  7.00048  1.29005
 122.123  4.42037  122.123  5.71043  120.123  7.00048  1.29005
 123.123  4.42037  123.123  5.71043  121.123  7.00048  1.29005
 124.123  4.42037  124.123  5.71043  122.123  7.00048  1.29005
 125.123  4.42037  125.123  5.71043  123.123  7.00048  1.29005
 126.123  4.42037  126.123  5.71043  124.123  7.00048  1.29005
 127.123  4.42037  127.123  5.71043  125.123  7.00048  1.29005
 128.123  4.42037  128.123  5.71043  126.123  7.00048  1.29005
 129.123  4.42037  129.123  5.71043  127.123  7.00048  1.29005
 130.123  4.42037  130.123  5.71043  128.123  7.00048  1.29005
 131.123  4.42037  131.123  5.71043  129.123  7.00048  1.29005
 132.123  4.42037  132.123  5.71043  130.123  7.00048  1.29005
 133.123  4.42037  133.123  5.71043  131.123  7.00048  1.29005
 134.123  4.42037  134.123  5.71043  132.123  7.00048  1.29005
 135.123  4.42037  135.123  5.71043  133.123  7.00048  1.29005
 136.123  4.42037  136.123  5.71043  134.123  7.00048  1.29005
 137.123  4.42038  137.123  5.71043  135.123  7.00048  1.29005
 138.123  4.42038  138.123  5.71043  136.123  7.00048  1.29005
 139.123  4.42038  139.123  5.71043  137.123  7.00048  1.29005
 140.123  4.42038  140.123  5.71043  138.123  7.00048  1.29005
 141.123  4.42038  141.123  5.71043  139.123  7.00048  1.29005
 142.123  4.42038  142.123  5.71043  140.123  7.00048  1.29005
 143.123  4.42038  143.123  5.71043  141.123  7.00048  1.29005
 144.123  4.42038  144.123  5.71043  142.123  7.00048  1.29005
 145.123  4.42038  145.123  5.71043  143.123  7.00048  1.29005
 146.123  4.42038  146.123  5.71043  144.123  7.00048  1.29005
 147.123  4.42038  147.123  5.71043  145.123  7.00048  1.29005
 148.123  4.42038  148.123  5.71043  146.123  7.00048  1.29005
 149.123  4.42038  149.123  5.71043  147.123  7.00048  1.29005
 150.123  4.42038  150.123  5.71043  148.123  7.00048  1.29005
 151.123  4.42038  151.123  5.71043  149.123  7.00048  1.29005
 152.123  4.42038  152.123  5.71043  150.123  7.00048  1.29005
 153.123  4.42038  153.123  5.71043  151.123  7.00048  1.29005
 154.123  4.42038  154.123  5.71043  152.123  7.00048  1.29005
 155.123  4.42038  155.123  5.71043  153.123  7.00048  1.29005
 156.123  4.42038  156.123  5.71043  154.123  7.00048  1.29005
 157.123  4.42038  157.123  5.71043  155.123  7.00048  1.29005
 158.123  4.42038  158.123  5.71043  156.123  7.00048  1.29005
 159.123  4.42038  159.123  5.71043  157.123  7.00048  1.29005
 160.123  4.42038  160.123  5.71043  158.123  7.00048  1.29005
 161.123  4.42038  161.123  5.71043  159.123  7.00048  1.29005
 162.123  4.42038  162.123  5.71043  160.123  7.00048  1.29005
 163.123  4.42038  163.123  5.71043  161.123  7.00048  1.29005
 164.123  4.42038  164.123  5.71043  162.123  7.00048  1.29005
 165.123  4.42038  165.123  5.71043  163.123  7.00048  1.29005
 166.123  4.42038  166.123  5.71043  164.123  7.00048  1.29005
 167.123  4.42038  167.123  5.71043  165.123  7.00048  1.29005
 168.123  4.42038  168.123  5.71043  166.123  7.00048  1.29005
 169.123  4.42038  169.123  5.71043  167.123  7.00048  1.29005
 170.123  4.42038  170.123  5.71043  168.123  7.00048  1.29005
 171.123  4.42038  171.123  5.71043  169.123  7.00048  1.29005
 172.123  4.42038  172.123  5.71043  170.123  7.00048  1.29005
 173.123  4.42038  173.123  5.71043  171.123  7.00048  1.29005
 174.123  4.42038  174.123  5.71043  172.123  7.00048  1.29005
 175.123  4.42038  175.123  5.71043  173.123  7.00048  1.29005
 176.123  4.42038  176.123  5.71043  174.123  7.00048  1.29005
 177.123  4.42038  177.123  5.71043  175.123  7.00048  1.29005
 178.123  4.42038  178.123  5.71043  176.123  7.00048  1.29005
 179.123  4.42038  179.123  5.71043  177.123  7.00048  1.29005
 180.123  4.42038  180.123  5.71043  178.123  7.00048  1.29005
 181.123  4.42038  181.123  5.71043  179.123  7.00048  1.29005
 182.123  4.42038  182.123  5.71043  180.123  7.00048  1.29005
 183.123  4.42038  183.123  5.71043  181.123  7.00048  1.29005
 184.123  4.42038  184.123  5.71043  182.123  7.00048  1.29005
 185.123  4.42038  185.123  5.71043  183.123  7.00048  1.29005
 186.123  4.42038  186.123  5.71043  184.123  7.00048  1.29005
 187.123  4.42038  187.123  5.71043  185.123  7.00048  1.29005
 188.123  4.42038  188.123  5.71043  186.123  7.00048  1.29005
 189.123  4.42038  189.123  5.71043  187.123  7.00048  1.29005
 190.123  4.42038  190.123  5.71043  188.123  7.00048  1.29005
 191.123  4.42038  191.123  5.71043  189.123  7.00048  1.29005
 192.123  4.42038  192.123  5.71043  190.123  7.00048  1.29005
 193.123  4.42038  193.123  5.71043  191.123  7.00048  1.29005
 194.123  4.42038  194.123  5.71043  192.123  7.00048  1.29005
 195.123  4.42038  195.123  5.71043  193.123  7.00048  1.29005
 196.123  4.42038  196.123  5.71043  194.123  7.00048  1.29005
 197.123  4.42038  197.123  5.71043  195.123  7.00048  1.29005
 198.123  4.42038  198.123  5.71043  196.123  7.00048  1.29005
 199.123  4.42038  199.123  5.71043  197.123  7.00048  1.29005
 200.001  4.42038  200.001  5.71043  198.123  7.00048  1.29005
