    0   1.5780   0.0000
    1   2.2780   0.0000
    2   3.3369   0.0405
    3   3.4400   0.0572
    4   5.8396   0.0708
    5   5.9289   0.0704
    6   0.9600   0.0208
    7  41.0018   1.9204
    8  24.3268   1.9198
    9   3.5465   0.0462
   10   3.7453   0.0929
   11   6.2063   0.0808
   12   6.3774   0.0987
   13   0.9322   0.0284
   14  41.0018   1.9204
   15  24.3268   1.9198
   16   3.6477   0.0366
   17   3.8159   0.0990
   18   6.3836   0.0641
   19   6.5285   0.0944
   20   0.9435   0.0312
   21  41.0018   1.9204
   22  24.3268   1.9198
   23   3.7789   0.0495
   24   3.9482   0.1098
   25   6.6131   0.0866
   26   6.7588   0.1050
   27   0.9454   0.0342
   28  41.0018   1.9204
   29  24.3268   1.9198
   30   4.2360   0.0000
   31   4.4829   0.0569
   32   7.4130   0.0000
   33   7.4130   0.0000
   34   1.0000   0.0000
   35  -0.0132   0.0076
   36   0.0006   0.0076
   37   4.1860   0.0000
   38   4.4300   0.0562
   39   7.3260   0.0000
   40   7.3260   0.0000
   41   1.0000   0.0000
   42  -0.0132   0.0076
   43   0.0006   0.0076
   44   4.1830   0.0000
   45   4.4269   0.0562
   46   7.3200   0.0000
   47   7.3200   0.0000
   48   1.0000   0.0000
   49  -0.0132   0.0076
   50   0.0006   0.0076
   51   4.2790   0.0000
   52   4.5284   0.0574
   53   7.4880   0.0000
   54   7.4880   0.0000
   55   1.0000   0.0000
   56  -0.0132   0.0076
   57   0.0006   0.0076
   58   4.4900   0.0000
   59   4.7517   0.0603
   60   7.8580   0.0000
   61   7.8580   0.0000
   62   1.0000   0.0000
   63  -0.0132   0.0076
   64   0.0006   0.0076
