sedi 0.169999 6.68764e-07
moho  42.1231 6.39647e-05
       0    1.578        0    1.578        0    1.578 2.5034e-06
    0.05    1.578     0.05    1.578     0.05    1.578 2.5034e-06
     0.1    2.278      0.1  2.27801      0.1  2.27802 9.53674e-06
    0.15    2.278     0.15  2.27801     0.15  2.27802 9.53674e-06
   0.169    2.278    0.169  2.27801    0.169  2.27802 9.53674e-06
    1.17  3.38277     1.17     3.44 0.169999  2.27802 0.0572366
    2.17  3.38277     2.17     3.44     1.17  3.49724 0.0572366
    3.17  3.38277     3.17     3.44     2.17  3.49724 0.0572366
    4.17  3.38277     4.17     3.44     3.17  3.49724 0.0572366
    5.17  3.38277     5.17     3.44     4.17  3.49724 0.0572366
    6.17  3.38277     6.17     3.44     5.17  3.49724 0.0572366
    7.17  3.38277     7.17     3.44     6.17  3.49724 0.0572366
    8.17  3.38277     8.17     3.44     7.17  3.49724 0.0572366
    9.17  3.38277     9.17     3.44     8.17  3.49724 0.0572366
   10.17  3.38277    10.17     3.44     9.17  3.49724 0.0572366
   11.17  3.65246    11.17  3.74532    10.17  3.49724 0.0928548
   12.17  3.65246    12.17  3.74532    11.17  3.83817 0.0928548
   13.17  3.65246    13.17  3.74532    12.17  3.83817 0.0928548
   14.17  3.65246    14.17  3.74532    13.17  3.83817 0.0928548
   15.17  3.65246    15.17  3.74532    14.17  3.83817 0.0928548
   16.17  3.65246    16.17  3.74532    15.17  3.83817 0.0928548
   17.17  3.65246    17.17  3.74532    16.17  3.83817 0.0928548
   18.17  3.65246    18.17  3.74532    17.17  3.83817 0.0928548
   19.17  3.65246    19.17  3.74532    18.17  3.83817 0.0928548
   20.17  3.65246    20.17  3.74532    19.17  3.83817 0.0928548
   21.17  3.71697    21.17  3.81594    20.17  3.83817 0.0989724
   22.17  3.71697    22.17  3.81594    21.17  3.91492 0.0989724
   23.17  3.71697    23.17  3.81594    22.17  3.91492 0.0989724
   24.17  3.71697    24.17  3.81594    23.17  3.91492 0.0989724
   25.17  3.71697    25.17  3.81594    24.17  3.91492 0.0989724
   26.17  3.71697    26.17  3.81594    25.17  3.91492 0.0989724
   27.17  3.71697    27.17  3.81594    26.17  3.91492 0.0989724
   28.17  3.71697    28.17  3.81594    27.17  3.91492 0.0989724
   29.17  3.71697    29.17  3.81594    28.17  3.91492 0.0989724
   30.17  3.71697    30.17  3.81594    29.17  3.91492 0.0989724
   31.17  3.71697    31.17  3.81594    30.17  3.91492 0.0989724
   32.17  3.83841    32.17  3.94817    31.17  3.91492 0.109758
   33.17  3.83841    33.17  3.94817    32.17  4.05793 0.109758
   34.17  3.83841    34.17  3.94817    33.17  4.05793 0.109758
   35.17  3.83841    35.17  3.94817    34.17  4.05793 0.109758
   36.17  3.83841    36.17  3.94817    35.17  4.05793 0.109758
   37.17  3.83841    37.17  3.94817    36.17  4.05793 0.109758
   38.17  3.83841    38.17  3.94817    37.17  4.05793 0.109758
   39.17  3.83841    39.17  3.94817    38.17  4.05793 0.109758
   40.17  3.83841    40.17  3.94817    39.17  4.05793 0.109758
   41.17  3.83841    41.17  3.94817    40.17  4.05793 0.109758
 42.1221  3.83841  42.1221  3.94817    41.17  4.05793 0.109758
  43.123  4.42608   43.123  4.48294  42.1221  4.05793 0.0568616
  44.123  4.42608   44.123  4.48294   42.123  4.05793 0.0568616
  45.123  4.42608   45.123  4.48294   43.123   4.5398 0.0568616
  46.123  4.42608   46.123  4.48294   44.123   4.5398 0.0568616
  47.123  4.42608   47.123  4.48294   45.123   4.5398 0.0568616
  48.123  4.42608   48.123  4.48294   46.123   4.5398 0.0568616
  49.123  4.42608   49.123  4.48294   47.123   4.5398 0.0568616
  50.123  4.42608   50.123  4.48294   48.123   4.5398 0.0568616
  51.123  4.42608   51.123  4.48294   49.123   4.5398 0.0568616
  52.123  4.42608   52.123  4.48294   50.123   4.5398 0.0568616
  53.123  4.42608   53.123  4.48294   51.123   4.5398 0.0568616
  54.123  4.42608   54.123  4.48294   52.123   4.5398 0.0568616
  55.123  4.42608   55.123  4.48294   53.123   4.5398 0.0568616
  56.123  4.42608   56.123  4.48294   54.123   4.5398 0.0568616
  57.123  4.42608   57.123  4.48294   55.123   4.5398 0.0568616
  58.123  4.42608   58.123  4.48294   56.123   4.5398 0.0568616
  59.123  4.42608   59.123  4.48294   57.123   4.5398 0.0568616
  60.123  4.42608   60.123  4.48294   58.123   4.5398 0.0568616
  61.123  4.42608   61.123  4.48294   59.123   4.5398 0.0568616
  62.123  4.42608   62.123  4.48294   60.123   4.5398 0.0568616
  63.123  4.42608   63.123  4.48294   61.123   4.5398 0.0568616
  64.123  4.42608   64.123  4.48294   62.123   4.5398 0.0568616
  65.123  4.42608   65.123  4.48294   63.123   4.5398 0.0568616
  66.123  4.42608   66.123  4.48294   64.123   4.5398 0.0568616
  67.123  4.42608   67.123  4.48294   65.123   4.5398 0.0568616
  68.123  4.42608   68.123  4.48294   66.123   4.5398 0.0568616
  69.123  4.42608   69.123  4.48294   67.123   4.5398 0.0568616
  70.123  4.42608   70.123  4.48294   68.123   4.5398 0.0568616
  71.123  4.42608   71.123  4.48294   69.123   4.5398 0.0568616
  72.123  4.42608   72.123  4.48294   70.123   4.5398 0.0568616
  73.123  4.42608   73.123  4.48294   71.123   4.5398 0.0568616
  74.123  4.37383   74.123  4.43003   72.123   4.5398 0.0561905
  75.123  4.37383   75.123  4.43003   73.123   4.5398 0.0561905
  76.123  4.37383   76.123  4.43003   74.123  4.48622 0.0561905
  77.123  4.37383   77.123  4.43003   75.123  4.48622 0.0561905
  78.123  4.37383   78.123  4.43003   76.123  4.48622 0.0561905
  79.123  4.37383   79.123  4.43003   77.123  4.48622 0.0561905
  80.123  4.37383   80.123  4.43003   78.123  4.48622 0.0561905
  81.123  4.37383   81.123  4.43003   79.123  4.48622 0.0561905
  82.123  4.37383   82.123  4.43003   80.123  4.48622 0.0561905
  83.123  4.37383   83.123  4.43003   81.123  4.48622 0.0561905
  84.123  4.37383   84.123  4.43003   82.123  4.48622 0.0561905
  85.123  4.37383   85.123  4.43003   83.123  4.48622 0.0561905
  86.123  4.37383   86.123  4.43003   84.123  4.48622 0.0561905
  87.123  4.37383   87.123  4.43003   85.123  4.48622 0.0561905
  88.123  4.37383   88.123  4.43003   86.123  4.48622 0.0561905
  89.123  4.37383   89.123  4.43003   87.123  4.48622 0.0561905
  90.123  4.37383   90.123  4.43003   88.123  4.48622 0.0561905
  91.123  4.37383   91.123  4.43003   89.123  4.48622 0.0561905
  92.123  4.37383   92.123  4.43003   90.123  4.48622 0.0561905
  93.123  4.37383   93.123  4.43003   91.123  4.48622 0.0561905
  94.123  4.37383   94.123  4.43003   92.123  4.48622 0.0561905
  95.123  4.37383   95.123  4.43003   93.123  4.48622 0.0561905
  96.123  4.37383   96.123  4.43003   94.123  4.48622 0.0561905
  97.123  4.37383   97.123  4.43003   95.123  4.48622 0.0561905
  98.123  4.37383   98.123  4.43003   96.123  4.48622 0.0561905
  99.123  4.37383   99.123  4.43003   97.123  4.48622 0.0561905
 100.123  4.37383  100.123  4.43003   98.123  4.48622 0.0561905
 101.123  4.37383  101.123  4.43003   99.123  4.48622 0.0561905
 102.123  4.37383  102.123  4.43003  100.123  4.48622 0.0561905
 103.123  4.37383  103.123  4.43003  101.123  4.48622 0.0561905
 104.123  4.37383  104.123  4.43003  102.123  4.48622 0.0561905
 105.123  4.37383  105.123  4.43003  103.123  4.48622 0.0561905
 106.123   4.3707  106.123  4.42685  104.123  4.48622 0.0561502
 107.123   4.3707  107.123  4.42685  105.123  4.48622 0.0561502
 108.123   4.3707  108.123  4.42685  106.123    4.483 0.0561502
 109.123   4.3707  109.123  4.42685  107.123    4.483 0.0561502
 110.123   4.3707  110.123  4.42685  108.123    4.483 0.0561502
 111.123   4.3707  111.123  4.42685  109.123    4.483 0.0561502
 112.123   4.3707  112.123  4.42685  110.123    4.483 0.0561502
 113.123   4.3707  113.123  4.42685  111.123    4.483 0.0561502
 114.123   4.3707  114.123  4.42685  112.123    4.483 0.0561502
 115.123   4.3707  115.123  4.42685  113.123    4.483 0.0561502
 116.123   4.3707  116.123  4.42685  114.123    4.483 0.0561502
 117.123   4.3707  117.123  4.42685  115.123    4.483 0.0561502
 118.123   4.3707  118.123  4.42685  116.123    4.483 0.0561502
 119.123   4.3707  119.123  4.42685  117.123    4.483 0.0561502
 120.123   4.3707  120.123  4.42685  118.123    4.483 0.0561502
 121.123   4.3707  121.123  4.42685  119.123    4.483 0.0561502
 122.123   4.3707  122.123  4.42685  120.123    4.483 0.0561502
 123.123   4.3707  123.123  4.42685  121.123    4.483 0.0561502
 124.123   4.3707  124.123  4.42685  122.123    4.483 0.0561502
 125.123   4.3707  125.123  4.42685  123.123    4.483 0.0561502
 126.123   4.3707  126.123  4.42685  124.123    4.483 0.0561502
 127.123   4.3707  127.123  4.42685  125.123    4.483 0.0561502
 128.123   4.3707  128.123  4.42685  126.123    4.483 0.0561502
 129.123   4.3707  129.123  4.42685  127.123    4.483 0.0561502
 130.123   4.3707  130.123  4.42685  128.123    4.483 0.0561502
 131.123   4.3707  131.123  4.42685  129.123    4.483 0.0561502
 132.123   4.3707  132.123  4.42685  130.123    4.483 0.0561502
 133.123   4.3707  133.123  4.42685  131.123    4.483 0.0561502
 134.123   4.3707  134.123  4.42685  132.123    4.483 0.0561502
 135.123   4.3707  135.123  4.42685  133.123    4.483 0.0561502
 136.123   4.3707  136.123  4.42685  134.123    4.483 0.0561502
 137.123  4.47101  137.123  4.52845  135.123    4.483 0.0574388
 138.123  4.47101  138.123  4.52845  136.123    4.483 0.0574388
 139.123  4.47101  139.123  4.52845  137.123  4.58589 0.0574388
 140.123  4.47101  140.123  4.52845  138.123  4.58589 0.0574388
 141.123  4.47101  141.123  4.52845  139.123  4.58589 0.0574388
 142.123  4.47101  142.123  4.52845  140.123  4.58589 0.0574388
 143.123  4.47101  143.123  4.52845  141.123  4.58589 0.0574388
 144.123  4.47101  144.123  4.52845  142.123  4.58589 0.0574388
 145.123  4.47101  145.123  4.52845  143.123  4.58589 0.0574388
 146.123  4.47101  146.123  4.52845  144.123  4.58589 0.0574388
 147.123  4.47101  147.123  4.52845  145.123  4.58589 0.0574388
 148.123  4.47101  148.123  4.52845  146.123  4.58589 0.0574388
 149.123  4.47101  149.123  4.52845  147.123  4.58589 0.0574388
 150.123  4.47101  150.123  4.52845  148.123  4.58589 0.0574388
 151.123  4.47101  151.123  4.52845  149.123  4.58589 0.0574388
 152.123  4.47101  152.123  4.52845  150.123  4.58589 0.0574388
 153.123  4.47101  153.123  4.52845  151.123  4.58589 0.0574388
 154.123  4.47101  154.123  4.52845  152.123  4.58589 0.0574388
 155.123  4.47101  155.123  4.52845  153.123  4.58589 0.0574388
 156.123  4.47101  156.123  4.52845  154.123  4.58589 0.0574388
 157.123  4.47101  157.123  4.52845  155.123  4.58589 0.0574388
 158.123  4.47101  158.123  4.52845  156.123  4.58589 0.0574388
 159.123  4.47101  159.123  4.52845  157.123  4.58589 0.0574388
 160.123  4.47101  160.123  4.52845  158.123  4.58589 0.0574388
 161.123  4.47101  161.123  4.52845  159.123  4.58589 0.0574388
 162.123  4.47101  162.123  4.52845  160.123  4.58589 0.0574388
 163.123  4.47101  163.123  4.52845  161.123  4.58589 0.0574388
 164.123  4.47101  164.123  4.52845  162.123  4.58589 0.0574388
 165.123  4.47101  165.123  4.52845  163.123  4.58589 0.0574388
 166.123  4.47101  166.123  4.52845  164.123  4.58589 0.0574388
 167.123  4.47101  167.123  4.52845  165.123  4.58589 0.0574388
 168.123  4.47101  168.123  4.52845  166.123  4.58589 0.0574388
 169.123  4.69148  169.123  4.75175  167.123  4.58589 0.0602712
 170.123  4.69148  170.123  4.75175  168.123  4.58589 0.0602712
 171.123  4.69148  171.123  4.75175  169.123  4.81202 0.0602712
 172.123  4.69148  172.123  4.75175  170.123  4.81202 0.0602712
 173.123  4.69148  173.123  4.75175  171.123  4.81202 0.0602712
 174.123  4.69148  174.123  4.75175  172.123  4.81202 0.0602712
 175.123  4.69148  175.123  4.75175  173.123  4.81202 0.0602712
 176.123  4.69148  176.123  4.75175  174.123  4.81202 0.0602712
 177.123  4.69148  177.123  4.75175  175.123  4.81202 0.0602712
 178.123  4.69148  178.123  4.75175  176.123  4.81202 0.0602712
 179.123  4.69148  179.123  4.75175  177.123  4.81202 0.0602712
 180.123  4.69148  180.123  4.75175  178.123  4.81202 0.0602712
 181.123  4.69148  181.123  4.75175  179.123  4.81202 0.0602712
 182.123  4.69148  182.123  4.75175  180.123  4.81202 0.0602712
 183.123  4.69148  183.123  4.75175  181.123  4.81202 0.0602712
 184.123  4.69148  184.123  4.75175  182.123  4.81202 0.0602712
 185.123  4.69148  185.123  4.75175  183.123  4.81202 0.0602712
 186.123  4.69148  186.123  4.75175  184.123  4.81202 0.0602712
 187.123  4.69148  187.123  4.75175  185.123  4.81202 0.0602712
 188.123  4.69148  188.123  4.75175  186.123  4.81202 0.0602712
 189.123  4.69148  189.123  4.75175  187.123  4.81202 0.0602712
 190.123  4.69148  190.123  4.75175  188.123  4.81202 0.0602712
 191.123  4.69148  191.123  4.75175  189.123  4.81202 0.0602712
 192.123  4.69148  192.123  4.75175  190.123  4.81202 0.0602712
 193.123  4.69148  193.123  4.75175  191.123  4.81202 0.0602712
 194.123  4.69148  194.123  4.75175  192.123  4.81202 0.0602712
 195.123  4.69148  195.123  4.75175  193.123  4.81202 0.0602712
 196.123  4.69148  196.123  4.75175  194.123  4.81202 0.0602712
 197.123  4.69148  197.123  4.75175  195.123  4.81202 0.0602712
 198.123  4.69148  198.123  4.75175  196.123  4.81202 0.0602712
 199.123  4.69148  199.123  4.75175  197.123  4.81202 0.0602712
 200.001  4.69148  200.001  4.75175  198.123  4.81202 0.0602712
