sedi 0.169999 6.68764e-07
moho  42.1231 6.39647e-05
       0    1.578        0    1.578        0    1.578 2.5034e-06
    0.05    1.578     0.05    1.578     0.05    1.578 2.5034e-06
     0.1    2.278      0.1  2.27801      0.1  2.27802 9.53674e-06
    0.15    2.278     0.15  2.27801     0.15  2.27802 9.53674e-06
   0.169    2.278    0.169  2.27801    0.169  2.27802 9.53674e-06
    1.17  3.29643     1.17  3.33689 0.169999  2.27802 0.0404612
    2.17  3.29643     2.17  3.33689     1.17  3.37735 0.0404612
    3.17  3.29643     3.17  3.33689     2.17  3.37735 0.0404612
    4.17  3.29643     4.17  3.33689     3.17  3.37735 0.0404612
    5.17  3.29643     5.17  3.33689     4.17  3.37735 0.0404612
    6.17  3.29643     6.17  3.33689     5.17  3.37735 0.0404612
    7.17  3.29643     7.17  3.33689     6.17  3.37735 0.0404612
    8.17  3.29643     8.17  3.33689     7.17  3.37735 0.0404612
    9.17  3.29643     9.17  3.33689     8.17  3.37735 0.0404612
   10.17  3.29643    10.17  3.33689     9.17  3.37735 0.0404612
   11.17  3.50028    11.17  3.54648    10.17  3.37735 0.0461966
   12.17  3.50028    12.17  3.54648    11.17  3.59267 0.0461966
   13.17  3.50028    13.17  3.54648    12.17  3.59267 0.0461966
   14.17  3.50028    14.17  3.54648    13.17  3.59267 0.0461966
   15.17  3.50028    15.17  3.54648    14.17  3.59267 0.0461966
   16.17  3.50028    16.17  3.54648    15.17  3.59267 0.0461966
   17.17  3.50028    17.17  3.54648    16.17  3.59267 0.0461966
   18.17  3.50028    18.17  3.54648    17.17  3.59267 0.0461966
   19.17  3.50028    19.17  3.54648    18.17  3.59267 0.0461966
   20.17  3.50028    20.17  3.54648    19.17  3.59267 0.0461966
   21.17  3.61114    21.17  3.64774    20.17  3.59267 0.0366002
   22.17  3.61114    22.17  3.64774    21.17  3.68434 0.0366002
   23.17  3.61114    23.17  3.64774    22.17  3.68434 0.0366002
   24.17  3.61114    24.17  3.64774    23.17  3.68434 0.0366002
   25.17  3.61114    25.17  3.64774    24.17  3.68434 0.0366002
   26.17  3.61114    26.17  3.64774    25.17  3.68434 0.0366002
   27.17  3.61114    27.17  3.64774    26.17  3.68434 0.0366002
   28.17  3.61114    28.17  3.64774    27.17  3.68434 0.0366002
   29.17  3.61114    29.17  3.64774    28.17  3.68434 0.0366002
   30.17  3.61114    30.17  3.64774    29.17  3.68434 0.0366002
   31.17  3.61114    31.17  3.64774    30.17  3.68434 0.0366002
   32.17  3.72945    32.17  3.77894    31.17  3.68434 0.0494864
   33.17  3.72945    33.17  3.77894    32.17  3.82843 0.0494864
   34.17  3.72945    34.17  3.77894    33.17  3.82843 0.0494864
   35.17  3.72945    35.17  3.77894    34.17  3.82843 0.0494864
   36.17  3.72945    36.17  3.77894    35.17  3.82843 0.0494864
   37.17  3.72945    37.17  3.77894    36.17  3.82843 0.0494864
   38.17  3.72945    38.17  3.77894    37.17  3.82843 0.0494864
   39.17  3.72945    39.17  3.77894    38.17  3.82843 0.0494864
   40.17  3.72945    40.17  3.77894    39.17  3.82843 0.0494864
   41.17  3.72945    41.17  3.77894    40.17  3.82843 0.0494864
 42.1221  3.72945  42.1221  3.77894    41.17  3.82843 0.0494864
  43.123    4.236   43.123    4.236  42.1221  3.82843 1.43051e-06
  44.123    4.236   44.123    4.236   42.123  3.82843 1.43051e-06
  45.123    4.236   45.123    4.236   43.123    4.236 1.43051e-06
  46.123    4.236   46.123    4.236   44.123    4.236 1.43051e-06
  47.123    4.236   47.123    4.236   45.123    4.236 1.43051e-06
  48.123    4.236   48.123    4.236   46.123    4.236 1.43051e-06
  49.123    4.236   49.123    4.236   47.123    4.236 1.43051e-06
  50.123    4.236   50.123    4.236   48.123    4.236 1.43051e-06
  51.123    4.236   51.123    4.236   49.123    4.236 1.43051e-06
  52.123    4.236   52.123    4.236   50.123    4.236 1.43051e-06
  53.123    4.236   53.123    4.236   51.123    4.236 1.43051e-06
  54.123    4.236   54.123    4.236   52.123    4.236 1.43051e-06
  55.123    4.236   55.123    4.236   53.123    4.236 1.43051e-06
  56.123    4.236   56.123    4.236   54.123    4.236 1.43051e-06
  57.123    4.236   57.123    4.236   55.123    4.236 1.43051e-06
  58.123    4.236   58.123    4.236   56.123    4.236 1.43051e-06
  59.123    4.236   59.123    4.236   57.123    4.236 1.43051e-06
  60.123    4.236   60.123    4.236   58.123    4.236 1.43051e-06
  61.123    4.236   61.123    4.236   59.123    4.236 1.43051e-06
  62.123    4.236   62.123    4.236   60.123    4.236 1.43051e-06
  63.123    4.236   63.123    4.236   61.123    4.236 1.43051e-06
  64.123    4.236   64.123    4.236   62.123    4.236 1.43051e-06
  65.123    4.236   65.123    4.236   63.123    4.236 1.43051e-06
  66.123    4.236   66.123    4.236   64.123    4.236 1.43051e-06
  67.123    4.236   67.123    4.236   65.123    4.236 1.43051e-06
  68.123    4.236   68.123    4.236   66.123    4.236 1.43051e-06
  69.123    4.236   69.123    4.236   67.123    4.236 1.43051e-06
  70.123    4.236   70.123    4.236   68.123    4.236 1.43051e-06
  71.123    4.236   71.123    4.236   69.123    4.236 1.43051e-06
  72.123    4.236   72.123    4.236   70.123    4.236 1.43051e-06
  73.123    4.236   73.123    4.236   71.123    4.236 1.43051e-06
  74.123    4.186   74.123    4.186   72.123    4.236 1.43051e-06
  75.123    4.186   75.123    4.186   73.123    4.236 1.43051e-06
  76.123    4.186   76.123    4.186   74.123    4.186 1.43051e-06
  77.123    4.186   77.123    4.186   75.123    4.186 1.43051e-06
  78.123    4.186   78.123    4.186   76.123    4.186 1.43051e-06
  79.123    4.186   79.123    4.186   77.123    4.186 1.43051e-06
  80.123    4.186   80.123    4.186   78.123    4.186 1.43051e-06
  81.123    4.186   81.123    4.186   79.123    4.186 1.43051e-06
  82.123    4.186   82.123    4.186   80.123    4.186 1.43051e-06
  83.123    4.186   83.123    4.186   81.123    4.186 1.43051e-06
  84.123    4.186   84.123    4.186   82.123    4.186 1.43051e-06
  85.123    4.186   85.123    4.186   83.123    4.186 1.43051e-06
  86.123    4.186   86.123    4.186   84.123    4.186 1.43051e-06
  87.123    4.186   87.123    4.186   85.123    4.186 1.43051e-06
  88.123    4.186   88.123    4.186   86.123    4.186 1.43051e-06
  89.123    4.186   89.123    4.186   87.123    4.186 1.43051e-06
  90.123    4.186   90.123    4.186   88.123    4.186 1.43051e-06
  91.123    4.186   91.123    4.186   89.123    4.186 1.43051e-06
  92.123    4.186   92.123    4.186   90.123    4.186 1.43051e-06
  93.123    4.186   93.123    4.186   91.123    4.186 1.43051e-06
  94.123    4.186   94.123    4.186   92.123    4.186 1.43051e-06
  95.123    4.186   95.123    4.186   93.123    4.186 1.43051e-06
  96.123    4.186   96.123    4.186   94.123    4.186 1.43051e-06
  97.123    4.186   97.123    4.186   95.123    4.186 1.43051e-06
  98.123    4.186   98.123    4.186   96.123    4.186 1.43051e-06
  99.123    4.186   99.123    4.186   97.123    4.186 1.43051e-06
 100.123    4.186  100.123    4.186   98.123    4.186 1.43051e-06
 101.123    4.186  101.123    4.186   99.123    4.186 1.43051e-06
 102.123    4.186  102.123    4.186  100.123    4.186 1.43051e-06
 103.123    4.186  103.123    4.186  101.123    4.186 1.43051e-06
 104.123    4.186  104.123    4.186  102.123    4.186 1.43051e-06
 105.123    4.186  105.123    4.186  103.123    4.186 1.43051e-06
 106.123  4.18298  106.123  4.18299  104.123    4.186 7.62939e-06
 107.123  4.18298  107.123  4.18299  105.123    4.186 7.62939e-06
 108.123  4.18298  108.123  4.18299  106.123    4.183 7.62939e-06
 109.123  4.18298  109.123  4.18299  107.123    4.183 7.62939e-06
 110.123  4.18298  110.123  4.18299  108.123    4.183 7.62939e-06
 111.123  4.18298  111.123  4.18299  109.123    4.183 7.62939e-06
 112.123  4.18298  112.123  4.18299  110.123    4.183 7.62939e-06
 113.123  4.18298  113.123  4.18299  111.123    4.183 7.62939e-06
 114.123  4.18298  114.123  4.18299  112.123    4.183 7.62939e-06
 115.123  4.18298  115.123  4.18299  113.123    4.183 7.62939e-06
 116.123  4.18298  116.123  4.18299  114.123    4.183 7.62939e-06
 117.123  4.18298  117.123  4.18299  115.123    4.183 7.62939e-06
 118.123  4.18298  118.123  4.18299  116.123    4.183 7.62939e-06
 119.123  4.18298  119.123  4.18299  117.123    4.183 7.62939e-06
 120.123  4.18298  120.123  4.18299  118.123    4.183 7.62939e-06
 121.123  4.18298  121.123  4.18299  119.123    4.183 7.62939e-06
 122.123  4.18298  122.123  4.18299  120.123    4.183 7.62939e-06
 123.123  4.18298  123.123  4.18299  121.123    4.183 7.62939e-06
 124.123  4.18298  124.123  4.18299  122.123    4.183 7.62939e-06
 125.123  4.18298  125.123  4.18299  123.123    4.183 7.62939e-06
 126.123  4.18298  126.123  4.18299  124.123    4.183 7.62939e-06
 127.123  4.18298  127.123  4.18299  125.123    4.183 7.62939e-06
 128.123  4.18298  128.123  4.18299  126.123    4.183 7.62939e-06
 129.123  4.18298  129.123  4.18299  127.123    4.183 7.62939e-06
 130.123  4.18298  130.123  4.18299  128.123    4.183 7.62939e-06
 131.123  4.18298  131.123  4.18299  129.123    4.183 7.62939e-06
 132.123  4.18298  132.123  4.18299  130.123    4.183 7.62939e-06
 133.123  4.18298  133.123  4.18299  131.123    4.183 7.62939e-06
 134.123  4.18298  134.123  4.18299  132.123    4.183 7.62939e-06
 135.123  4.18298  135.123  4.18299  133.123    4.183 7.62939e-06
 136.123  4.18298  136.123  4.18299  134.123    4.183 7.62939e-06
 137.123    4.279  137.123  4.27901  135.123    4.183 7.62939e-06
 138.123    4.279  138.123  4.27901  136.123    4.183 7.62939e-06
 139.123    4.279  139.123  4.27901  137.123  4.27902 7.62939e-06
 140.123    4.279  140.123  4.27901  138.123  4.27902 7.62939e-06
 141.123    4.279  141.123  4.27901  139.123  4.27902 7.62939e-06
 142.123    4.279  142.123  4.27901  140.123  4.27902 7.62939e-06
 143.123    4.279  143.123  4.27901  141.123  4.27902 7.62939e-06
 144.123    4.279  144.123  4.27901  142.123  4.27902 7.62939e-06
 145.123    4.279  145.123  4.27901  143.123  4.27902 7.62939e-06
 146.123    4.279  146.123  4.27901  144.123  4.27902 7.62939e-06
 147.123    4.279  147.123  4.27901  145.123  4.27902 7.62939e-06
 148.123    4.279  148.123  4.27901  146.123  4.27902 7.62939e-06
 149.123    4.279  149.123  4.27901  147.123  4.27902 7.62939e-06
 150.123    4.279  150.123  4.27901  148.123  4.27902 7.62939e-06
 151.123    4.279  151.123  4.27901  149.123  4.27902 7.62939e-06
 152.123    4.279  152.123  4.27901  150.123  4.27902 7.62939e-06
 153.123    4.279  153.123  4.27901  151.123  4.27902 7.62939e-06
 154.123    4.279  154.123  4.27901  152.123  4.27902 7.62939e-06
 155.123    4.279  155.123  4.27901  153.123  4.27902 7.62939e-06
 156.123    4.279  156.123  4.27901  154.123  4.27902 7.62939e-06
 157.123    4.279  157.123  4.27901  155.123  4.27902 7.62939e-06
 158.123    4.279  158.123  4.27901  156.123  4.27902 7.62939e-06
 159.123    4.279  159.123  4.27901  157.123  4.27902 7.62939e-06
 160.123    4.279  160.123  4.27901  158.123  4.27902 7.62939e-06
 161.123    4.279  161.123  4.27901  159.123  4.27902 7.62939e-06
 162.123    4.279  162.123  4.27901  160.123  4.27902 7.62939e-06
 163.123    4.279  163.123  4.27901  161.123  4.27902 7.62939e-06
 164.123    4.279  164.123  4.27901  162.123  4.27902 7.62939e-06
 165.123    4.279  165.123  4.27901  163.123  4.27902 7.62939e-06
 166.123    4.279  166.123  4.27901  164.123  4.27902 7.62939e-06
 167.123    4.279  167.123  4.27901  165.123  4.27902 7.62939e-06
 168.123    4.279  168.123  4.27901  166.123  4.27902 7.62939e-06
 169.123  4.48999  169.123  4.48999  167.123  4.27902 7.15256e-06
 170.123  4.48999  170.123  4.48999  168.123  4.27902 7.15256e-06
 171.123  4.48999  171.123  4.48999  169.123     4.49 7.15256e-06
 172.123  4.48999  172.123  4.48999  170.123     4.49 7.15256e-06
 173.123  4.48999  173.123  4.48999  171.123     4.49 7.15256e-06
 174.123  4.48999  174.123  4.48999  172.123     4.49 7.15256e-06
 175.123  4.48999  175.123  4.48999  173.123     4.49 7.15256e-06
 176.123  4.48999  176.123  4.48999  174.123     4.49 7.15256e-06
 177.123  4.48999  177.123  4.48999  175.123     4.49 7.15256e-06
 178.123  4.48999  178.123  4.48999  176.123     4.49 7.15256e-06
 179.123  4.48999  179.123  4.48999  177.123     4.49 7.15256e-06
 180.123  4.48999  180.123  4.48999  178.123     4.49 7.15256e-06
 181.123  4.48999  181.123  4.48999  179.123     4.49 7.15256e-06
 182.123  4.48999  182.123  4.48999  180.123     4.49 7.15256e-06
 183.123  4.48999  183.123  4.48999  181.123     4.49 7.15256e-06
 184.123  4.48999  184.123  4.48999  182.123     4.49 7.15256e-06
 185.123  4.48999  185.123  4.48999  183.123     4.49 7.15256e-06
 186.123  4.48999  186.123  4.48999  184.123     4.49 7.15256e-06
 187.123  4.48999  187.123  4.48999  185.123     4.49 7.15256e-06
 188.123  4.48999  188.123  4.48999  186.123     4.49 7.15256e-06
 189.123  4.48999  189.123  4.48999  187.123     4.49 7.15256e-06
 190.123  4.48999  190.123  4.48999  188.123     4.49 7.15256e-06
 191.123  4.48999  191.123  4.48999  189.123     4.49 7.15256e-06
 192.123  4.48999  192.123  4.48999  190.123     4.49 7.15256e-06
 193.123  4.48999  193.123  4.48999  191.123     4.49 7.15256e-06
 194.123  4.48999  194.123  4.48999  192.123     4.49 7.15256e-06
 195.123  4.48999  195.123  4.48999  193.123     4.49 7.15256e-06
 196.123  4.48999  196.123  4.48999  194.123     4.49 7.15256e-06
 197.123  4.48999  197.123  4.48999  195.123     4.49 7.15256e-06
 198.123  4.48999  198.123  4.48999  196.123     4.49 7.15256e-06
 199.123  4.48999  199.123  4.48999  197.123     4.49 7.15256e-06
 200.001  4.48999  200.001  4.48999  198.123     4.49 7.15256e-06
