# Input file for AXISEM created from ak135f model on 08/12/2015, at 12h 12min
NAME         ak135f
ANELASTIC       T
ANISOTROPIC     F
UNITS        m
COLUMNS       radius      rho      vpv      vsv      qka      qmu
            6371000.  2600.00  5800.00  3200.00     1478.3      600.0
            6361000.  2600.00  5800.00  3200.00     1478.3      600.0
#          Discontinuity   1, depth:      10.00 km
            6361000.  2920.00  6800.00  3900.00     1368.0      600.0
            6353000.  2920.00  6800.00  3900.00     1368.0      600.0
#          Discontinuity   2, depth:      18.00 km
            6353000.  3640.98  8035.50  4483.91      950.0      394.6
            6348000.  3628.28  8036.04  4484.61      954.7      396.5
            6343000.  3615.83  8036.55  4485.12      959.4      398.3
            6338000.  3603.65  8037.03  4485.46      964.1      400.2
            6333000.  3591.74  8037.48  4485.63      968.9      402.0
            6328000.  3580.08  8037.90  4485.61      973.6      403.9
            6323000.  3568.69  8038.28  4485.42      978.3      405.8
            6318000.  3557.56  8038.64  4485.05      983.0      407.6
            6313000.  3546.69  8038.96  4484.51      987.7      409.5
            6308000.  3536.08  8039.25  4483.79      992.4      411.3
            6303000.  3525.74  8039.51  4482.89      997.1      413.2
            6298000.  3515.66  8039.73  4481.81     1001.8      415.0
            6293000.  3505.84  8039.93  4480.56     1006.5      416.9
            6291000.  3501.98  8040.00  4480.01     1008.4      417.6
#          Discontinuity   3, depth:      80.00 km
            6291000.  3502.00  8045.00  4490.00      182.0       75.6
            6286000.  3492.60  8045.69  4491.25      182.1       75.7
            6281000.  3483.20  8046.38  4492.50      182.2       75.7
            6276000.  3473.80  8047.06  4493.75      182.2       75.8
            6271000.  3464.40  8047.75  4495.00      182.3       75.8
            6266000.  3455.00  8048.44  4496.25      182.4       75.9
            6261000.  3445.60  8049.13  4497.50      182.4       75.9
            6256000.  3436.20  8049.81  4498.75      182.5       76.0
            6251000.  3426.80  8050.50  4500.00      182.6       76.1
#          Discontinuity   4, depth:     120.00 km
            6251000.  3426.81  8050.50  4500.00      181.6       75.7
            6246000.  3420.18  8064.27  4500.98      182.6       75.9
            6241000.  3413.66  8078.06  4501.97      183.6       76.0
            6236000.  3407.25  8091.86  4502.96      184.6       76.2
            6231000.  3400.95  8105.68  4503.95      185.6       76.4
            6226000.  3394.76  8119.52  4504.95      186.7       76.6
            6221000.  3388.68  8133.36  4505.96      187.7       76.8
            6216000.  3382.71  8147.23  4506.97      188.7       77.0
            6211000.  3376.86  8161.10  4507.98      189.7       77.2
            6206000.  3371.11  8175.00  4509.00      190.8       77.3
            6201000.  3365.47  8188.90  4510.02      191.8       77.5
            6196000.  3359.94  8202.83  4511.05      192.8       77.7
            6191000.  3354.52  8216.76  4512.09      193.8       77.9
            6186000.  3349.21  8230.72  4513.13      194.8       78.1
            6181000.  3344.01  8244.68  4514.17      195.9       78.3
            6176000.  3338.92  8258.66  4515.22      196.9       78.4
            6171000.  3333.94  8272.66  4516.28      197.9       78.6
            6166000.  3329.07  8286.67  4517.34      198.9       78.8
            6161000.  3324.31  8300.70  4518.40      200.0       79.0
#          Discontinuity   5, depth:     210.00 km
            6161000.  3324.25  8300.54  4518.87      337.2      133.3
            6156000.  3328.37  8318.73  4527.87      338.2      133.7
            6151000.  3332.50  8336.92  4536.86      339.2      134.0
            6146000.  3336.66  8355.12  4545.84      340.2      134.3
            6141000.  3340.84  8373.31  4554.81      341.2      134.6
            6136000.  3345.05  8391.51  4563.76      342.2      134.9
            6131000.  3349.28  8409.72  4572.71      343.1      135.3
            6126000.  3353.53  8427.92  4581.64      344.1      135.6
            6121000.  3357.80  8446.13  4590.56      345.1      135.9
            6116000.  3362.10  8464.34  4599.47      346.1      136.2
            6111000.  3366.42  8482.56  4608.37      347.1      136.6
            6106000.  3370.77  8500.77  4617.25      348.1      136.9
            6101000.  3375.13  8518.99  4626.12      349.1      137.2
            6096000.  3379.52  8537.22  4634.99      350.1      137.5
            6091000.  3383.94  8555.44  4643.84      351.1      137.8
            6086000.  3388.37  8573.67  4652.68      352.0      138.2
            6081000.  3392.83  8591.90  4661.50      353.0      138.5
            6076000.  3397.32  8610.13  4670.32      354.0      138.8
            6071000.  3401.82  8628.37  4679.12      355.0      139.1
            6066000.  3406.35  8646.61  4687.91      356.0      139.4
            6061000.  3410.90  8664.85  4696.69      357.0      139.8
            6056000.  3415.48  8683.10  4705.46      358.0      140.1
            6051000.  3420.08  8701.35  4714.22      359.0      140.4
            6046000.  3424.70  8719.60  4722.96      360.0      140.7
            6041000.  3429.35  8737.85  4731.69      360.9      141.0
            6036000.  3434.01  8756.11  4740.42      361.9      141.4
            6031000.  3438.70  8774.37  4749.12      362.9      141.7
            6026000.  3443.42  8792.63  4757.82      363.9      142.0
            6021000.  3448.16  8810.90  4766.51      364.9      142.3
            6016000.  3452.92  8829.16  4775.18      365.9      142.6
            6011000.  3457.70  8847.44  4783.85      366.9      143.0
            6006000.  3462.51  8865.71  4792.50      367.9      143.3
            6001000.  3467.34  8883.99  4801.14      368.9      143.6
            5996000.  3472.19  8902.27  4809.76      369.8      143.9
            5991000.  3477.07  8920.55  4818.38      370.8      144.3
            5986000.  3481.97  8938.83  4826.98      371.8      144.6
            5981000.  3486.89  8957.12  4835.58      372.8      144.9
            5976000.  3491.84  8975.41  4844.16      373.8      145.2
            5971000.  3496.81  8993.71  4852.73      374.8      145.5
            5966000.  3501.80  9012.00  4861.28      375.8      145.9
            5961000.  3506.81  9030.30  4869.83      376.8      146.2
#          Discontinuity   6, depth:     410.00 km
            5961000.  3931.65  9360.08  5080.46      414.0      162.6
            5951000.  3930.66  9393.68  5101.67      414.6      163.1
            5941000.  3929.73  9427.28  5122.88      415.1      163.5
            5931000.  3928.83  9460.88  5144.09      415.7      163.9
            5921000.  3927.98  9494.48  5165.30      416.3      164.3
            5911000.  3927.18  9528.08  5186.51      416.9      164.7
            5901000.  3926.42  9561.68  5207.72      417.5      165.1
            5891000.  3925.70  9595.28  5228.93      418.1      165.5
            5881000.  3925.02  9628.88  5250.14      418.6      165.9
            5871000.  3924.39  9662.48  5271.34      419.2      166.3
            5861000.  3923.81  9696.07  5292.55      419.8      166.8
            5851000.  3923.26  9729.67  5313.75      420.4      167.2
            5841000.  3922.77  9763.27  5334.96      421.0      167.6
            5831000.  3922.31  9796.86  5356.16      421.6      168.0
            5821000.  3921.90  9830.46  5377.36      422.2      168.4
            5811000.  3921.53  9864.05  5398.57      422.7      168.8
            5801000.  3921.21  9897.65  5419.77      423.3      169.2
            5791000.  3920.93  9931.24  5440.97      423.9      169.6
            5781000.  3920.69  9964.84  5462.17      424.5      170.0
            5771000.  3920.50  9998.43  5483.37      425.1      170.5
            5761000.  3920.36 10032.02  5504.57      425.7      170.9
            5751000.  3920.25 10065.62  5525.76      426.2      171.3
            5741000.  3920.19 10099.21  5546.96      426.8      171.7
            5731000.  3920.17 10132.80  5568.16      427.4      172.1
            5721000.  3920.20 10166.39  5589.35      428.0      172.5
            5711000.  3920.27 10199.98  5610.55      428.6      172.9
#          Discontinuity   7, depth:     660.00 km
            5711000.  4238.70 10790.90  5960.70     1349.5      549.4
            5706000.  4244.78 10803.95  5974.01     1345.9      548.8
            5701000.  4250.84 10817.02  5987.23     1342.3      548.2
            5696000.  4256.88 10830.10  6000.37     1338.6      547.7
            5691000.  4262.90 10843.21  6013.41     1335.0      547.1
            5686000.  4268.90 10856.33  6026.36     1331.4      546.5
            5681000.  4274.88 10869.47  6039.23     1327.7      545.9
            5676000.  4280.84 10882.62  6052.01     1324.1      545.3
            5671000.  4286.78 10895.80  6064.69     1320.5      544.7
            5666000.  4292.70 10908.99  6077.29     1316.8      544.1
            5661000.  4298.60 10922.20  6089.80     1313.2      543.5
            5656000.  4304.48 10935.43  6102.22     1309.6      542.9
            5651000.  4310.34 10948.68  6114.55     1306.0      542.3
            5646000.  4316.18 10961.94  6126.80     1302.3      541.7
            5641000.  4322.00 10975.23  6138.95     1298.7      541.2
            5636000.  4327.80 10988.53  6151.01     1295.1      540.6
            5631000.  4333.58 11001.85  6162.99     1291.4      540.0
            5626000.  4339.34 11015.18  6174.88     1287.8      539.4
            5621000.  4345.08 11028.54  6186.67     1284.2      538.8
            5616000.  4350.80 11041.91  6198.38     1280.5      538.2
            5611000.  4356.50 11055.30  6210.00     1276.9      537.6
#          Discontinuity   8, depth:     760.00 km
            5611000.  4389.89 11048.62  6206.19     1281.6      533.4
            5601000.  4397.76 11066.71  6213.96     1279.8      532.5
            5591000.  4405.59 11084.71  6221.69     1278.1      531.5
            5581000.  4413.37 11102.63  6229.38     1276.3      530.6
            5571000.  4421.10 11120.46  6237.02     1274.6      529.7
            5561000.  4428.78 11138.20  6244.62     1272.9      528.7
            5551000.  4436.42 11155.86  6252.17     1271.1      527.8
            5541000.  4444.00 11173.43  6259.69     1269.4      526.9
            5531000.  4451.54 11190.92  6267.15     1267.6      525.9
            5521000.  4459.04 11208.32  6274.58     1265.9      525.0
            5511000.  4466.48 11225.64  6281.96     1264.1      524.0
            5501000.  4473.88 11242.88  6289.31     1262.4      523.1
            5491000.  4481.24 11260.03  6296.61     1260.6      522.2
            5481000.  4488.55 11277.10  6303.86     1258.9      521.2
            5471000.  4495.81 11294.09  6311.08     1257.1      520.3
            5461000.  4503.03 11311.00  6318.26     1255.4      519.3
            5451000.  4510.21 11327.83  6325.39     1253.6      518.4
            5441000.  4517.34 11344.58  6332.49     1251.9      517.5
            5431000.  4524.43 11361.25  6339.55     1250.1      516.5
            5421000.  4531.48 11377.84  6346.56     1248.4      515.6
            5411000.  4538.48 11394.36  6353.54     1246.6      514.7
            5401000.  4545.44 11410.79  6360.48     1244.9      513.7
            5391000.  4552.36 11427.15  6367.38     1243.2      512.8
            5381000.  4559.23 11443.44  6374.24     1241.4      511.8
            5371000.  4566.07 11459.65  6381.06     1239.7      510.9
            5361000.  4572.86 11475.78  6387.84     1237.9      510.0
            5351000.  4579.62 11491.84  6394.59     1236.2      509.0
            5341000.  4586.33 11507.83  6401.30     1234.4      508.1
            5331000.  4593.00 11523.74  6407.97     1232.7      507.1
            5321000.  4599.64 11539.58  6414.61     1230.9      506.2
            5311000.  4606.23 11555.35  6421.21     1229.2      505.3
            5301000.  4612.79 11571.04  6427.77     1227.4      504.3
            5291000.  4619.31 11586.67  6434.30     1225.7      503.4
            5281000.  4625.79 11602.22  6440.79     1223.9      502.5
            5271000.  4632.23 11617.71  6447.24     1222.2      501.5
            5261000.  4638.63 11633.12  6453.67     1220.4      500.6
            5251000.  4645.00 11648.47  6460.05     1218.7      499.6
            5241000.  4651.33 11663.75  6466.41     1216.9      498.7
            5231000.  4657.63 11678.96  6472.72     1215.2      497.8
            5221000.  4663.89 11694.11  6479.01     1213.5      496.8
            5211000.  4670.11 11709.19  6485.26     1211.7      495.9
            5201000.  4676.30 11724.20  6491.48     1210.0      494.9
            5191000.  4682.45 11739.15  6497.66     1208.2      494.0
            5181000.  4688.57 11754.04  6503.81     1206.5      493.1
            5171000.  4694.65 11768.86  6509.93     1204.7      492.1
            5161000.  4700.71 11783.61  6516.02     1203.0      491.2
            5151000.  4706.72 11798.31  6522.08     1201.2      490.3
            5141000.  4712.71 11812.94  6528.10     1199.5      489.3
            5131000.  4718.66 11827.51  6534.10     1197.7      488.4
            5121000.  4724.58 11842.02  6540.06     1196.0      487.4
            5111000.  4730.47 11856.47  6545.99     1194.2      486.5
            5101000.  4736.32 11870.85  6551.89     1192.5      485.6
            5091000.  4742.15 11885.18  6557.76     1190.7      484.6
            5081000.  4747.94 11899.46  6563.61     1189.0      483.7
            5071000.  4753.71 11913.67  6569.42     1187.2      482.8
            5061000.  4759.44 11927.82  6575.20     1185.5      481.8
            5051000.  4765.15 11941.92  6580.96     1183.8      480.9
            5041000.  4770.82 11955.96  6586.68     1182.0      479.9
            5031000.  4776.47 11969.95  6592.38     1180.3      479.0
            5021000.  4782.08 11983.88  6598.05     1178.5      478.1
            5011000.  4787.67 11997.76  6603.69     1176.8      477.1
            5001000.  4793.23 12011.58  6609.31     1175.0      476.2
            4991000.  4798.77 12025.35  6614.90     1173.3      475.2
            4981000.  4804.27 12039.06  6620.46     1171.5      474.3
            4971000.  4809.75 12052.73  6625.99     1169.8      473.4
            4961000.  4815.20 12066.34  6631.50     1168.0      472.4
            4951000.  4820.63 12079.90  6636.98     1166.3      471.5
            4941000.  4826.03 12093.41  6642.44     1164.5      470.6
            4931000.  4831.41 12106.87  6647.87     1162.8      469.6
            4921000.  4836.76 12120.28  6653.28     1161.0      468.7
            4911000.  4842.08 12133.64  6658.66     1159.3      467.7
            4901000.  4847.38 12146.95  6664.02     1157.6      466.8
            4891000.  4852.66 12160.22  6669.35     1155.8      465.9
            4881000.  4857.92 12173.44  6674.66     1154.1      464.9
            4871000.  4863.15 12186.61  6679.95     1152.3      464.0
            4861000.  4868.35 12199.74  6685.21     1150.6      463.0
            4851000.  4873.54 12212.82  6690.45     1148.8      462.1
            4841000.  4878.70 12225.85  6695.67     1147.1      461.2
            4831000.  4883.84 12238.84  6700.86     1145.3      460.2
            4821000.  4888.96 12251.79  6706.04     1143.6      459.3
            4811000.  4894.06 12264.70  6711.19     1141.8      458.4
            4801000.  4899.14 12277.56  6716.32     1140.1      457.4
            4791000.  4904.20 12290.38  6721.43     1138.3      456.5
            4781000.  4909.23 12303.16  6726.51     1136.6      455.5
            4771000.  4914.25 12315.90  6731.58     1134.8      454.6
            4761000.  4919.25 12328.60  6736.63     1133.1      453.7
            4751000.  4924.23 12341.25  6741.65     1131.3      452.7
            4741000.  4929.19 12353.87  6746.66     1129.6      451.8
            4731000.  4934.13 12366.46  6751.65     1127.9      450.8
            4721000.  4939.06 12379.00  6756.62     1126.1      449.9
            4711000.  4943.97 12391.51  6761.57     1124.4      449.0
            4701000.  4948.86 12403.98  6766.50     1122.6      448.0
            4691000.  4953.73 12416.41  6771.41     1120.9      447.1
            4681000.  4958.59 12428.81  6776.30     1119.1      446.2
            4671000.  4963.43 12441.17  6781.18     1117.4      445.2
            4661000.  4968.26 12453.50  6786.04     1115.6      444.3
            4651000.  4973.07 12465.80  6790.88     1113.9      443.3
            4641000.  4977.86 12478.06  6795.71     1112.1      442.4
            4631000.  4982.65 12490.29  6800.52     1110.4      441.5
            4621000.  4987.41 12502.48  6805.31     1108.6      440.5
            4611000.  4992.17 12514.65  6810.09     1106.9      439.6
            4601000.  4996.91 12526.78  6814.85     1105.1      438.7
            4591000.  5001.63 12538.89  6819.59     1103.4      437.7
            4581000.  5006.35 12550.96  6824.33     1101.6      436.8
            4571000.  5011.05 12563.01  6829.04     1099.9      435.8
            4561000.  5015.74 12575.03  6833.74     1098.2      434.9
            4551000.  5020.41 12587.02  6838.43     1096.4      434.0
            4541000.  5025.08 12598.98  6843.10     1094.7      433.0
            4531000.  5029.74 12610.91  6847.76     1092.9      432.1
            4521000.  5034.38 12622.82  6852.41     1091.2      431.1
            4511000.  5039.02 12634.71  6857.04     1089.4      430.2
            4501000.  5043.64 12646.56  6861.67     1087.7      429.3
            4491000.  5048.26 12658.40  6866.27     1085.9      428.3
            4481000.  5052.86 12670.21  6870.87     1084.2      427.4
            4471000.  5057.46 12681.99  6875.46     1082.4      426.5
            4461000.  5062.05 12693.76  6880.03     1080.7      425.5
            4451000.  5066.63 12705.50  6884.59     1078.9      424.6
            4441000.  5071.20 12717.22  6889.14     1077.2      423.6
            4431000.  5075.77 12728.92  6893.68     1075.4      422.7
            4421000.  5080.33 12740.60  6898.21     1073.7      421.8
            4411000.  5084.88 12752.26  6902.73     1071.9      420.8
            4401000.  5089.43 12763.90  6907.24     1070.2      419.9
            4391000.  5093.97 12775.52  6911.74     1068.5      418.9
            4381000.  5098.50 12787.12  6916.24     1066.7      418.0
            4371000.  5103.03 12798.70  6920.72     1065.0      417.1
            4361000.  5107.56 12810.27  6925.19     1063.2      416.1
            4351000.  5112.08 12821.82  6929.66     1061.5      415.2
            4341000.  5116.59 12833.36  6934.12     1059.7      414.3
            4331000.  5121.10 12844.88  6938.57     1058.0      413.3
            4321000.  5125.61 12856.39  6943.01     1056.2      412.4
            4311000.  5130.12 12867.88  6947.44     1054.5      411.4
            4301000.  5134.62 12879.36  6951.87     1052.7      410.5
            4291000.  5139.12 12890.82  6956.29     1051.0      409.6
            4281000.  5143.62 12902.28  6960.71     1049.2      408.6
            4271000.  5148.12 12913.72  6965.12     1047.5      407.7
            4261000.  5152.62 12925.15  6969.52     1045.7      406.7
            4251000.  5157.11 12936.57  6973.92     1044.0      405.8
            4241000.  5161.61 12947.98  6978.32     1042.3      404.9
            4231000.  5166.10 12959.38  6982.71     1040.5      403.9
            4221000.  5170.60 12970.77  6987.09     1038.8      403.0
            4211000.  5175.10 12982.16  6991.47     1037.0      402.1
            4201000.  5179.59 12993.53  6995.85     1035.3      401.1
            4191000.  5184.09 13004.90  7000.22     1033.5      400.2
            4181000.  5188.59 13016.26  7004.59     1031.8      399.2
            4171000.  5193.09 13027.62  7008.96     1030.0      398.3
            4161000.  5197.60 13038.97  7013.32     1028.3      397.4
            4151000.  5202.11 13050.32  7017.68     1026.5      396.4
            4141000.  5206.62 13061.66  7022.04     1024.8      395.5
            4131000.  5211.13 13073.00  7026.40     1023.0      394.6
            4121000.  5215.65 13084.33  7030.75     1021.3      393.6
            4111000.  5220.17 13095.66  7035.11     1019.5      392.7
            4101000.  5224.70 13107.00  7039.46     1017.8      391.7
            4091000.  5229.23 13118.33  7043.81     1016.0      390.8
            4081000.  5233.77 13129.65  7048.17     1014.3      389.9
            4071000.  5238.31 13140.98  7052.52     1012.6      388.9
            4061000.  5242.86 13152.31  7056.87     1010.8      388.0
            4051000.  5247.41 13163.64  7061.22     1009.1      387.0
            4041000.  5251.98 13174.98  7065.58     1007.3      386.1
            4031000.  5256.54 13186.31  7069.93     1005.6      385.2
            4021000.  5261.12 13197.65  7074.29     1003.8      384.2
            4011000.  5265.71 13208.99  7078.65     1002.1      383.3
            4001000.  5270.30 13220.33  7083.00     1000.3      382.4
            3991000.  5274.90 13231.68  7087.37      998.6      381.4
            3981000.  5279.51 13243.03  7091.73      996.8      380.5
            3971000.  5284.13 13254.39  7096.10      995.1      379.5
            3961000.  5288.76 13265.76  7100.47      993.3      378.6
            3951000.  5293.40 13277.13  7104.84      991.6      377.7
            3941000.  5298.05 13288.51  7109.22      989.8      376.7
            3931000.  5302.71 13299.90  7113.60      988.1      375.8
            3921000.  5307.38 13311.30  7117.99      986.3      374.8
            3911000.  5312.06 13322.70  7122.38      984.6      373.9
            3901000.  5316.76 13334.12  7126.77      982.9      373.0
            3891000.  5321.46 13345.54  7131.17      981.1      372.0
            3881000.  5326.18 13356.98  7135.58      979.4      371.1
            3871000.  5330.92 13368.43  7139.99      977.6      370.2
            3861000.  5335.66 13379.89  7144.41      975.9      369.2
            3851000.  5340.42 13391.36  7148.83      974.1      368.3
            3841000.  5345.19 13402.85  7153.26      972.4      367.3
            3831000.  5349.98 13414.35  7157.70      970.6      366.4
            3821000.  5354.78 13425.86  7162.15      968.9      365.5
            3811000.  5359.60 13437.39  7166.60      967.1      364.5
            3801000.  5364.43 13448.94  7171.06      965.4      363.6
            3791000.  5369.28 13460.50  7175.53      963.6      362.6
            3781000.  5374.15 13472.07  7180.01      961.9      361.7
            3771000.  5379.03 13483.67  7184.49      960.1      360.8
            3761000.  5383.93 13495.28  7188.99      958.4      359.8
            3751000.  5388.84 13506.91  7193.49      956.7      358.9
            3741000.  5393.78 13518.56  7198.00      954.9      358.0
            3731000.  5398.73 13530.23  7202.53      953.2      357.0
            3721000.  5403.70 13541.92  7207.06      951.4      356.1
            3711000.  5408.68 13553.63  7211.60      949.7      355.1
            3701000.  5413.69 13565.36  7216.16      947.9      354.2
            3691000.  5418.72 13577.12  7220.72      946.2      353.3
            3681000.  5423.77 13588.89  7225.30      944.4      352.3
            3671000.  5428.83 13600.69  7229.89      942.7      351.4
            3661000.  5433.92 13612.52  7234.49      940.9      350.5
            3651000.  5439.03 13624.36  7239.10      939.2      349.5
            3641000.  5444.16 13636.24  7243.73      937.4      348.6
            3631000.  5449.31 13648.13  7248.36      935.7      347.6
#          Discontinuity   9, depth:    2740.00 km
            3631000.  5693.34 13649.75  7248.53      724.6      272.4
            3626000.  5696.03 13650.14  7249.60      724.6      272.5
            3621000.  5698.71 13650.52  7250.67      724.5      272.6
            3616000.  5701.39 13650.90  7251.74      724.5      272.6
            3611000.  5704.06 13651.27  7252.81      724.5      272.7
            3606000.  5706.72 13651.65  7253.89      724.5      272.8
            3601000.  5709.38 13652.02  7254.96      724.5      272.8
            3596000.  5712.03 13652.38  7256.04      724.5      272.9
            3591000.  5714.68 13652.75  7257.12      724.5      272.9
            3586000.  5717.32 13653.11  7258.21      724.5      273.0
            3581000.  5719.95 13653.47  7259.29      724.5      273.1
            3576000.  5722.58 13653.82  7260.38      724.5      273.1
            3571000.  5725.20 13654.18  7261.46      724.5      273.2
            3566000.  5727.82 13654.53  7262.55      724.5      273.3
            3561000.  5730.43 13654.88  7263.64      724.5      273.3
            3556000.  5733.04 13655.22  7264.74      724.5      273.4
            3551000.  5735.63 13655.56  7265.83      724.5      273.5
            3546000.  5738.23 13655.90  7266.93      724.4      273.5
            3541000.  5740.81 13656.24  7268.03      724.4      273.6
            3536000.  5743.40 13656.57  7269.13      724.4      273.7
            3531000.  5745.97 13656.90  7270.23      724.4      273.7
            3526000.  5748.54 13657.23  7271.33      724.4      273.8
            3521000.  5751.10 13657.56  7272.44      724.4      273.9
            3516000.  5753.66 13657.88  7273.54      724.4      273.9
            3511000.  5756.21 13658.20  7274.65      724.4      274.0
            3506000.  5758.76 13658.51  7275.76      724.4      274.1
            3501000.  5761.30 13658.83  7276.87      724.4      274.1
            3496000.  5763.83 13659.14  7277.99      724.4      274.2
            3491000.  5766.36 13659.45  7279.10      724.4      274.3
            3486000.  5768.89 13659.75  7280.22      724.4      274.3
            3481000.  5771.40 13660.06  7281.34      724.4      274.4
            3479500.  5772.16 13660.15  7281.67      724.3      274.4
#          Discontinuity  10, depth:    2891.50 km
            3479500.  9932.52  7990.44     0.00    57822.0        0.0
            3469500.  9947.67  8007.92     0.00    57822.0        0.0
            3459500.  9962.76  8025.34     0.00    57822.0        0.0
            3449500.  9977.80  8042.69     0.00    57822.0        0.0
            3439500.  9992.79  8059.98     0.00    57822.0        0.0
            3429500. 10007.74  8077.20     0.00    57822.0        0.0
            3419500. 10022.64  8094.36     0.00    57822.0        0.0
            3409500. 10037.49  8111.45     0.00    57822.0        0.0
            3399500. 10052.29  8128.47     0.00    57822.0        0.0
            3389500. 10067.04  8145.43     0.00    57822.0        0.0
            3379500. 10081.75  8162.33     0.00    57822.0        0.0
            3369500. 10096.40  8179.16     0.00    57822.0        0.0
            3359500. 10111.01  8195.92     0.00    57822.0        0.0
            3349500. 10125.57  8212.62     0.00    57822.0        0.0
            3339500. 10140.08  8229.25     0.00    57822.0        0.0
            3329500. 10154.54  8245.82     0.00    57822.0        0.0
            3319500. 10168.95  8262.33     0.00    57822.0        0.0
            3309500. 10183.32  8278.77     0.00    57822.0        0.0
            3299500. 10197.64  8295.14     0.00    57822.0        0.0
            3289500. 10211.91  8311.45     0.00    57822.0        0.0
            3279500. 10226.12  8327.69     0.00    57822.0        0.0
            3269500. 10240.30  8343.87     0.00    57822.0        0.0
            3259500. 10254.42  8359.98     0.00    57822.0        0.0
            3249500. 10268.49  8376.02     0.00    57822.0        0.0
            3239500. 10282.52  8392.01     0.00    57822.0        0.0
            3229500. 10296.50  8407.92     0.00    57822.0        0.0
            3219500. 10310.43  8423.77     0.00    57822.0        0.0
            3209500. 10324.31  8439.56     0.00    57822.0        0.0
            3199500. 10338.14  8455.28     0.00    57822.0        0.0
            3189500. 10351.92  8470.93     0.00    57822.0        0.0
            3179500. 10365.66  8486.52     0.00    57822.0        0.0
            3169500. 10379.35  8502.05     0.00    57822.0        0.0
            3159500. 10392.99  8517.51     0.00    57822.0        0.0
            3149500. 10406.58  8532.90     0.00    57822.0        0.0
            3139500. 10420.12  8548.23     0.00    57822.0        0.0
            3129500. 10433.61  8563.50     0.00    57822.0        0.0
            3119500. 10447.06  8578.69     0.00    57822.0        0.0
            3109500. 10460.45  8593.83     0.00    57822.0        0.0
            3099500. 10473.80  8608.90     0.00    57822.0        0.0
            3089500. 10487.10  8623.90     0.00    57822.0        0.0
            3079500. 10500.35  8638.84     0.00    57822.0        0.0
            3069500. 10513.55  8653.71     0.00    57822.0        0.0
            3059500. 10526.71  8668.52     0.00    57822.0        0.0
            3049500. 10539.81  8683.26     0.00    57822.0        0.0
            3039500. 10552.87  8697.93     0.00    57822.0        0.0
            3029500. 10565.88  8712.55     0.00    57822.0        0.0
            3019500. 10578.84  8727.09     0.00    57822.0        0.0
            3009500. 10591.75  8741.57     0.00    57822.0        0.0
            2999500. 10604.62  8755.99     0.00    57822.0        0.0
            2989500. 10617.43  8770.34     0.00    57822.0        0.0
            2979500. 10630.20  8784.62     0.00    57822.0        0.0
            2969500. 10642.92  8798.84     0.00    57822.0        0.0
            2959500. 10655.59  8813.00     0.00    57822.0        0.0
            2949500. 10668.21  8827.09     0.00    57822.0        0.0
            2939500. 10680.78  8841.11     0.00    57822.0        0.0
            2929500. 10693.31  8855.07     0.00    57822.0        0.0
            2919500. 10705.78  8868.96     0.00    57822.0        0.0
            2909500. 10718.21  8882.79     0.00    57822.0        0.0
            2899500. 10730.59  8896.55     0.00    57822.0        0.0
            2889500. 10742.92  8910.25     0.00    57822.0        0.0
            2879500. 10755.21  8923.88     0.00    57822.0        0.0
            2869500. 10767.44  8937.45     0.00    57822.0        0.0
            2859500. 10779.62  8950.95     0.00    57822.0        0.0
            2849500. 10791.76  8964.39     0.00    57822.0        0.0
            2839500. 10803.85  8977.76     0.00    57822.0        0.0
            2829500. 10815.89  8991.07     0.00    57822.0        0.0
            2819500. 10827.88  9004.31     0.00    57822.0        0.0
            2809500. 10839.83  9017.49     0.00    57822.0        0.0
            2799500. 10851.72  9030.60     0.00    57822.0        0.0
            2789500. 10863.57  9043.64     0.00    57822.0        0.0
            2779500. 10875.37  9056.62     0.00    57822.0        0.0
            2769500. 10887.12  9069.54     0.00    57822.0        0.0
            2759500. 10898.82  9082.39     0.00    57822.0        0.0
            2749500. 10910.47  9095.17     0.00    57822.0        0.0
            2739500. 10922.08  9107.89     0.00    57822.0        0.0
            2729500. 10933.63  9120.54     0.00    57822.0        0.0
            2719500. 10945.14  9133.13     0.00    57822.0        0.0
            2709500. 10956.60  9145.66     0.00    57822.0        0.0
            2699500. 10968.01  9158.11     0.00    57822.0        0.0
            2689500. 10979.37  9170.51     0.00    57822.0        0.0
            2679500. 10990.69  9182.83     0.00    57822.0        0.0
            2669500. 11001.95  9195.10     0.00    57822.0        0.0
            2659500. 11013.17  9207.29     0.00    57822.0        0.0
            2649500. 11024.34  9219.42     0.00    57822.0        0.0
            2639500. 11035.46  9231.49     0.00    57822.0        0.0
            2629500. 11046.53  9243.49     0.00    57822.0        0.0
            2619500. 11057.55  9255.43     0.00    57822.0        0.0
            2609500. 11068.53  9267.30     0.00    57822.0        0.0
            2599500. 11079.45  9279.11     0.00    57822.0        0.0
            2589500. 11090.33  9290.85     0.00    57822.0        0.0
            2579500. 11101.16  9302.52     0.00    57822.0        0.0
            2569500. 11111.94  9314.13     0.00    57822.0        0.0
            2559500. 11122.67  9325.67     0.00    57822.0        0.0
            2549500. 11133.36  9337.15     0.00    57822.0        0.0
            2539500. 11143.99  9348.57     0.00    57822.0        0.0
            2529500. 11154.58  9359.92     0.00    57822.0        0.0
            2519500. 11165.12  9371.20     0.00    57822.0        0.0
            2509500. 11175.61  9382.42     0.00    57822.0        0.0
            2499500. 11186.05  9393.57     0.00    57822.0        0.0
            2489500. 11196.45  9404.66     0.00    57822.0        0.0
            2479500. 11206.79  9415.68     0.00    57822.0        0.0
            2469500. 11217.09  9426.64     0.00    57822.0        0.0
            2459500. 11227.34  9437.53     0.00    57822.0        0.0
            2449500. 11237.54  9448.36     0.00    57822.0        0.0
            2439500. 11247.69  9459.12     0.00    57822.0        0.0
            2429500. 11257.79  9469.82     0.00    57822.0        0.0
            2419500. 11267.85  9480.45     0.00    57822.0        0.0
            2409500. 11277.85  9491.01     0.00    57822.0        0.0
            2399500. 11287.81  9501.51     0.00    57822.0        0.0
            2389500. 11297.72  9511.95     0.00    57822.0        0.0
            2379500. 11307.58  9522.32     0.00    57822.0        0.0
            2369500. 11317.39  9532.62     0.00    57822.0        0.0
            2359500. 11327.16  9542.86     0.00    57822.0        0.0
            2349500. 11336.87  9553.04     0.00    57822.0        0.0
            2339500. 11346.54  9563.15     0.00    57822.0        0.0
            2329500. 11356.16  9573.19     0.00    57822.0        0.0
            2319500. 11365.73  9583.17     0.00    57822.0        0.0
            2309500. 11375.25  9593.08     0.00    57822.0        0.0
            2299500. 11384.72  9602.93     0.00    57822.0        0.0
            2289500. 11394.15  9612.71     0.00    57822.0        0.0
            2279500. 11403.53  9622.43     0.00    57822.0        0.0
            2269500. 11412.85  9632.08     0.00    57822.0        0.0
            2259500. 11422.13  9641.67     0.00    57822.0        0.0
            2249500. 11431.36  9651.19     0.00    57822.0        0.0
            2239500. 11440.55  9660.65     0.00    57822.0        0.0
            2229500. 11449.68  9670.04     0.00    57822.0        0.0
            2219500. 11458.77  9679.37     0.00    57822.0        0.0
            2209500. 11467.81  9688.63     0.00    57822.0        0.0
            2199500. 11476.79  9697.82     0.00    57822.0        0.0
            2189500. 11485.73  9706.95     0.00    57822.0        0.0
            2179500. 11494.63  9716.02     0.00    57822.0        0.0
            2169500. 11503.47  9725.02     0.00    57822.0        0.0
            2159500. 11512.27  9733.95     0.00    57822.0        0.0
            2149500. 11521.01  9742.82     0.00    57822.0        0.0
            2139500. 11529.71  9751.63     0.00    57822.0        0.0
            2129500. 11538.36  9760.37     0.00    57822.0        0.0
            2119500. 11546.96  9769.04     0.00    57822.0        0.0
            2109500. 11555.52  9777.65     0.00    57822.0        0.0
            2099500. 11564.02  9786.19     0.00    57822.0        0.0
            2089500. 11572.48  9794.67     0.00    57822.0        0.0
            2079500. 11580.89  9803.08     0.00    57822.0        0.0
            2069500. 11589.25  9811.43     0.00    57822.0        0.0
            2059500. 11597.56  9819.71     0.00    57822.0        0.0
            2049500. 11605.82  9827.93     0.00    57822.0        0.0
            2039500. 11614.03  9836.08     0.00    57822.0        0.0
            2029500. 11622.20  9844.17     0.00    57822.0        0.0
            2019500. 11630.32  9852.19     0.00    57822.0        0.0
            2009500. 11638.38  9860.14     0.00    57822.0        0.0
            1999500. 11646.41  9868.03     0.00    57822.0        0.0
            1989500. 11654.38  9875.86     0.00    57822.0        0.0
            1979500. 11662.30  9883.62     0.00    57822.0        0.0
            1969500. 11670.18  9891.32     0.00    57822.0        0.0
            1959500. 11678.00  9898.94     0.00    57822.0        0.0
            1949500. 11685.78  9906.51     0.00    57822.0        0.0
            1939500. 11693.51  9914.01     0.00    57822.0        0.0
            1929500. 11701.19  9921.44     0.00    57822.0        0.0
            1919500. 11708.82  9928.81     0.00    57822.0        0.0
            1909500. 11716.41  9936.11     0.00    57822.0        0.0
            1899500. 11723.95  9943.35     0.00    57822.0        0.0
            1889500. 11731.43  9950.53     0.00    57822.0        0.0
            1879500. 11738.87  9957.63     0.00    57822.0        0.0
            1869500. 11746.26  9964.68     0.00    57822.0        0.0
            1859500. 11753.61  9971.65     0.00    57822.0        0.0
            1849500. 11760.90  9978.56     0.00    57822.0        0.0
            1839500. 11768.15  9985.41     0.00    57822.0        0.0
            1829500. 11775.34  9992.19     0.00    57822.0        0.0
            1819500. 11782.49  9998.91     0.00    57822.0        0.0
            1809500. 11789.59 10005.56     0.00    57822.0        0.0
            1799500. 11796.64 10012.15     0.00    57822.0        0.0
            1789500. 11803.65 10018.67     0.00    57822.0        0.0
            1779500. 11810.60 10025.12     0.00    57822.0        0.0
            1769500. 11817.51 10031.51     0.00    57822.0        0.0
            1759500. 11824.37 10037.84     0.00    57822.0        0.0
            1749500. 11831.18 10044.09     0.00    57822.0        0.0
            1739500. 11837.94 10050.29     0.00    57822.0        0.0
            1729500. 11844.65 10056.42     0.00    57822.0        0.0
            1719500. 11851.31 10062.48     0.00    57822.0        0.0
            1709500. 11857.93 10068.48     0.00    57822.0        0.0
            1699500. 11864.50 10074.41     0.00    57822.0        0.0
            1689500. 11871.02 10080.28     0.00    57822.0        0.0
            1679500. 11877.49 10086.08     0.00    57822.0        0.0
            1669500. 11883.91 10091.82     0.00    57822.0        0.0
            1659500. 11890.28 10097.49     0.00    57822.0        0.0
            1649500. 11896.61 10103.10     0.00    57822.0        0.0
            1639500. 11902.88 10108.64     0.00    57822.0        0.0
            1629500. 11909.11 10114.12     0.00    57822.0        0.0
            1619500. 11915.29 10119.53     0.00    57822.0        0.0
            1609500. 11921.42 10124.88     0.00    57822.0        0.0
            1599500. 11927.51 10130.16     0.00    57822.0        0.0
            1589500. 11933.54 10135.37     0.00    57822.0        0.0
            1579500. 11939.53 10140.52     0.00    57822.0        0.0
            1569500. 11945.47 10145.61     0.00    57822.0        0.0
            1559500. 11951.36 10150.63     0.00    57822.0        0.0
            1549500. 11957.20 10155.58     0.00    57822.0        0.0
            1539500. 11962.99 10160.47     0.00    57822.0        0.0
            1529500. 11968.73 10165.29     0.00    57822.0        0.0
            1519500. 11974.43 10170.05     0.00    57822.0        0.0
            1509500. 11980.08 10174.75     0.00    57822.0        0.0
            1499500. 11985.67 10179.37     0.00    57822.0        0.0
            1489500. 11991.22 10183.94     0.00    57822.0        0.0
            1479500. 11996.73 10188.44     0.00    57822.0        0.0
            1469500. 12002.18 10192.87     0.00    57822.0        0.0
            1459500. 12007.58 10197.24     0.00    57822.0        0.0
            1449500. 12012.94 10201.54     0.00    57822.0        0.0
            1439500. 12018.25 10205.77     0.00    57822.0        0.0
            1429500. 12023.51 10209.95     0.00    57822.0        0.0
            1419500. 12028.72 10214.05     0.00    57822.0        0.0
            1409500. 12033.88 10218.09     0.00    57822.0        0.0
            1399500. 12039.00 10222.07     0.00    57822.0        0.0
            1389500. 12044.06 10225.98     0.00    57822.0        0.0
            1379500. 12049.08 10229.82     0.00    57822.0        0.0
            1369500. 12054.05 10233.60     0.00    57822.0        0.0
            1359500. 12058.97 10237.32     0.00    57822.0        0.0
            1349500. 12063.84 10240.97     0.00    57822.0        0.0
            1339500. 12068.67 10244.55     0.00    57822.0        0.0
            1329500. 12073.44 10248.07     0.00    57822.0        0.0
            1319500. 12078.17 10251.52     0.00    57822.0        0.0
            1309500. 12082.85 10254.91     0.00    57822.0        0.0
            1299500. 12087.48 10258.24     0.00    57822.0        0.0
            1289500. 12092.06 10261.49     0.00    57822.0        0.0
            1279500. 12096.59 10264.69     0.00    57822.0        0.0
            1269500. 12101.08 10267.81     0.00    57822.0        0.0
            1259500. 12105.51 10270.88     0.00    57822.0        0.0
            1249500. 12109.90 10273.87     0.00    57822.0        0.0
            1239500. 12114.24 10276.81     0.00    57822.0        0.0
            1229500. 12118.53 10279.67     0.00    57822.0        0.0
            1219500. 12122.78 10282.47     0.00    57822.0        0.0
            1217500. 12123.62 10283.03     0.00    57822.0        0.0
#          Discontinuity  11, depth:    5153.50 km
            1217500. 12703.58 11037.28  3505.02      627.1       85.0
            1207500. 12708.63 11040.84  3507.69      626.8       85.0
            1197500. 12713.64 11044.37  3510.34      626.6       85.0
            1187500. 12718.60 11047.88  3512.96      626.3       85.0
            1177500. 12723.52 11051.36  3515.57      626.1       85.0
            1167500. 12728.40 11054.80  3518.15      625.8       85.0
            1157500. 12733.24 11058.23  3520.71      625.5       85.0
            1147500. 12738.04 11061.62  3523.24      625.3       85.0
            1137500. 12742.80 11064.98  3525.76      625.0       85.0
            1127500. 12747.51 11068.32  3528.25      624.8       85.0
            1117500. 12752.18 11071.63  3530.72      624.5       85.0
            1107500. 12756.82 11074.91  3533.17      624.2       85.0
            1097500. 12761.40 11078.16  3535.60      624.0       85.0
            1087500. 12765.95 11081.39  3538.00      623.7       85.0
            1077500. 12770.46 11084.58  3540.38      623.4       85.0
            1067500. 12774.92 11087.75  3542.74      623.2       85.0
            1057500. 12779.35 11090.89  3545.08      622.9       85.0
            1047500. 12783.73 11094.01  3547.40      622.7       85.0
            1037500. 12788.07 11097.09  3549.69      622.4       85.0
            1027500. 12792.37 11100.15  3551.96      622.1       85.0
            1017500. 12796.62 11103.18  3554.21      621.9       85.0
            1007500. 12800.84 11106.18  3556.44      621.6       85.0
             997500. 12805.01 11109.15  3558.65      621.4       85.0
             987500. 12809.14 11112.09  3560.83      621.1       85.0
             977500. 12813.23 11115.01  3562.99      620.8       85.0
             967500. 12817.28 11117.90  3565.13      620.6       85.0
             957500. 12821.29 11120.76  3567.25      620.3       85.0
             947500. 12825.26 11123.59  3569.34      620.0       85.0
             937500. 12829.18 11126.40  3571.42      619.8       85.0
             927500. 12833.06 11129.17  3573.47      619.5       85.0
             917500. 12836.90 11131.92  3575.50      619.3       85.0
             907500. 12840.70 11134.64  3577.50      619.0       85.0
             897500. 12844.46 11137.34  3579.49      618.7       85.0
             887500. 12848.17 11140.00  3581.45      618.5       85.0
             877500. 12851.85 11142.64  3583.39      618.2       85.0
             867500. 12855.48 11145.24  3585.31      618.0       85.0
             857500. 12859.07 11147.82  3587.21      617.7       85.0
             847500. 12862.62 11150.38  3589.08      617.4       85.0
             837500. 12866.13 11152.90  3590.93      617.2       85.0
             827500. 12869.59 11155.40  3592.76      616.9       85.0
             817500. 12873.02 11157.86  3594.57      616.6       85.0
             807500. 12876.40 11160.31  3596.36      616.4       85.0
             797500. 12879.74 11162.72  3598.12      616.1       85.0
             787500. 12883.04 11165.10  3599.86      615.9       85.0
             777500. 12886.30 11167.46  3601.58      615.6       85.0
             767500. 12889.52 11169.79  3603.28      615.3       85.0
             757500. 12892.69 11172.09  3604.96      615.1       85.0
             747500. 12895.82 11174.36  3606.61      614.8       85.0
             737500. 12898.92 11176.60  3608.24      614.6       85.0
             727500. 12901.97 11178.82  3609.85      614.3       85.0
             717500. 12904.97 11181.01  3611.44      614.0       85.0
             707500. 12907.94 11183.17  3613.00      613.8       85.0
             697500. 12910.87 11185.30  3614.55      613.5       85.0
             687500. 12913.75 11187.40  3616.07      613.2       85.0
             677500. 12916.59 11189.48  3617.57      613.0       85.0
             667500. 12919.39 11191.52  3619.04      612.7       85.0
             657500. 12922.15 11193.54  3620.50      612.5       85.0
             647500. 12924.87 11195.54  3621.93      612.2       85.0
             637500. 12927.54 11197.50  3623.34      611.9       85.0
             627500. 12930.18 11199.44  3624.73      611.7       85.0
             617500. 12932.77 11201.34  3626.10      611.4       85.0
             607500. 12935.32 11203.22  3627.44      611.2       85.0
             597500. 12937.83 11205.07  3628.76      610.9       85.0
             587500. 12940.30 11206.90  3630.06      610.6       85.0
             577500. 12942.72 11208.69  3631.34      610.4       85.0
             567500. 12945.11 11210.46  3632.60      610.1       85.0
             557500. 12947.45 11212.20  3633.83      609.8       85.0
             547500. 12949.75 11213.91  3635.04      609.6       85.0
             537500. 12952.01 11215.60  3636.23      609.3       85.0
             527500. 12954.23 11217.25  3637.40      609.1       85.0
             517500. 12956.40 11218.88  3638.54      608.8       85.0
             507500. 12958.54 11220.48  3639.67      608.5       85.0
             497500. 12960.63 11222.05  3640.77      608.3       85.0
             487500. 12962.68 11223.59  3641.85      608.0       85.0
             477500. 12964.69 11225.11  3642.91      607.8       85.0
             467500. 12966.66 11226.59  3643.94      607.5       85.0
             457500. 12968.58 11228.05  3644.95      607.2       85.0
             447500. 12970.47 11229.49  3645.94      607.0       85.0
             437500. 12972.31 11230.89  3646.91      606.7       85.0
             427500. 12974.11 11232.26  3647.86      606.4       85.0
             417500. 12975.87 11233.61  3648.78      606.2       85.0
             407500. 12977.59 11234.93  3649.69      605.9       85.0
             397500. 12979.27 11236.22  3650.57      605.7       85.0
             387500. 12980.90 11237.48  3651.43      605.4       85.0
             377500. 12982.50 11238.72  3652.26      605.1       85.0
             367500. 12984.05 11239.93  3653.08      604.9       85.0
             357500. 12985.56 11241.11  3653.87      604.6       85.0
             347500. 12987.03 11242.26  3654.64      604.3       85.0
             337500. 12988.46 11243.38  3655.39      604.1       85.0
             327500. 12989.84 11244.47  3656.11      603.8       85.0
             317500. 12991.18 11245.54  3656.82      603.6       85.0
             307500. 12992.49 11246.58  3657.50      603.3       85.0
             297500. 12993.75 11247.59  3658.16      603.0       85.0
             287500. 12994.97 11248.57  3658.79      602.8       85.0
             277500. 12996.14 11249.53  3659.41      602.5       85.0
             267500. 12997.28 11250.46  3660.00      602.3       85.0
             257500. 12998.37 11251.35  3660.57      602.0       85.0
             247500. 12999.43 11252.23  3661.12      601.7       85.0
             237500. 13000.44 11253.07  3661.65      601.5       85.0
             227500. 13001.41 11253.88  3662.15      601.2       85.0
             217500. 13002.33 11254.67  3662.64      600.9       85.0
             207500. 13003.22 11255.43  3663.10      600.7       85.0
             197500. 13004.06 11256.16  3663.54      600.4       85.0
             187500. 13004.87 11256.86  3663.95      600.2       85.0
             177500. 13005.63 11257.54  3664.35      599.9       85.0
             167500. 13006.35 11258.18  3664.72      599.6       85.0
             157500. 13007.03 11258.80  3665.07      599.4       85.0
             147500. 13007.66 11259.39  3665.40      599.1       85.0
             137500. 13008.26 11259.95  3665.71      598.9       85.0
             127500. 13008.81 11260.49  3665.99      598.6       85.0
             117500. 13009.32 11260.99  3666.25      598.3       85.0
             107500. 13009.79 11261.47  3666.49      598.1       85.0
              97500. 13010.22 11261.92  3666.71      597.8       85.0
              87500. 13010.61 11262.35  3666.90      597.5       85.0
              77500. 13010.95 11262.74  3667.08      597.3       85.0
              67500. 13011.26 11263.11  3667.23      597.0       85.0
              57500. 13011.52 11263.44  3667.36      596.8       85.0
              47500. 13011.74 11263.75  3667.47      596.5       85.0
              37500. 13011.92 11264.04  3667.55      596.2       85.0
              27500. 13012.05 11264.29  3667.62      596.0       85.0
              17500. 13012.15 11264.52  3667.66      595.7       85.0
               7500. 13012.20 11264.72  3667.68      595.5       85.0
                  0. 13012.22 11264.85  3667.68      595.3       85.0
