  0.000000   5.800000   3.460000   2.720000
 20.000000   5.800000   3.460000   2.720000
 20.000000   6.500000   3.850000   2.920000
 35.000000   6.500000   3.850000   2.920000
 35.000000   8.042500   4.485000   3.332600
 77.000000   8.042500   4.485000   3.332600
 77.000000   8.047500   4.495000   3.358400
120.000000   8.047500   4.495000   3.358400
120.000000   8.112300   4.504500   3.399000
165.000000   8.112300   4.504500   3.399000
165.000000   8.237400   4.513700   3.347700
210.000000   8.237400   4.513700   3.347700
210.000000   8.390500   4.563400   3.345300
260.000000   8.390500   4.563400   3.345300
260.000000   8.572600   4.652500   3.388600
310.000000   8.572600   4.652500   3.388600
310.000000   8.755300   4.739400   3.434400
360.000000   8.755300   4.739400   3.434400
360.000000   8.938000   4.826300   3.482200
410.000000   8.938000   4.826300   3.482200
410.000000   9.443300   5.133000   3.929500
460.000000   9.443300   5.133000   3.929500
460.000000   9.611400   5.238800   3.925300
510.000000   9.611400   5.238800   3.925300
510.000000   9.779400   5.345000   3.922500
560.000000   9.779400   5.345000   3.922500
560.000000   9.947300   5.451300   3.921200
610.000000   9.947300   5.451300   3.921200
610.000000  10.115300   5.557000   3.920400
660.000000  10.115300   5.557000   3.920400
660.000000  10.856200   6.024600   4.268700
710.000000  10.856200   6.024600   4.268700
710.000000  10.988300   6.149300   4.327500
760.000000  10.988300   6.149300   4.327500
760.000000  11.095300   6.226200   4.384200
809.500000  11.095300   6.226200   4.384200
809.500000  11.179000   6.261100   4.438400
859.000000  11.179000   6.261100   4.438400
859.000000  11.264600   6.298100   4.490600
908.500000  11.264600   6.298100   4.490600
908.500000  11.348100   6.334100   4.540800
958.000000  11.348100   6.334100   4.540800
958.000000  11.429900   6.368900   4.579000
1007.500000  11.429900   6.368900   4.579000
1007.500000  11.509700   6.402100   4.606200
1057.000000  11.509700   6.402100   4.606200
1057.000000  11.587800   6.434800   4.633300
1106.500000  11.587800   6.434800   4.633300
1106.500000  11.664100   6.466800   4.660100
1156.000000  11.664100   6.466800   4.660100
1156.000000  11.739300   6.497600   4.686800
1205.500000  11.739300   6.497600   4.686800
1205.500000  11.812800   6.528100   4.713400
1255.000000  11.812800   6.528100   4.713400
1255.000000  11.884800   6.557900   4.739700
1304.500000  11.884800   6.557900   4.739700
1304.500000  11.954900   6.586800   4.765900
1354.000000  11.954900   6.586800   4.765900
1354.000000  12.023000   6.614700   4.792000
1403.500000  12.023000   6.614700   4.792000
1403.500000  12.090800   6.641900   4.817900
1453.000000  12.090800   6.641900   4.817900
1453.000000  12.157900   6.668300   4.843500
1502.500000  12.157900   6.668300   4.843500
1502.500000  12.223400   6.694100   4.868900
1552.000000  12.223400   6.694100   4.868900
1552.000000  12.286900   6.719600   4.894300
1601.500000  12.286900   6.719600   4.894300
1601.500000  12.349600   6.745100   4.919500
1651.000000  12.349600   6.745100   4.919500
1651.000000  12.411900   6.769900   4.944500
1700.500000  12.411900   6.769900   4.944500
1700.500000  12.472800   6.793800   4.969300
1750.000000  12.472800   6.793800   4.969300
1750.000000  12.533300   6.817200   4.993900
1799.500000  12.533300   6.817200   4.993900
1799.500000  12.593100   6.840300   5.018400
1849.000000  12.593100   6.840300   5.018400
1849.000000  12.651600   6.863000   5.042700
1898.500000  12.651600   6.863000   5.042700
1898.500000  12.709500   6.885700   5.066800
1948.000000  12.709500   6.885700   5.066800
1948.000000  12.766900   6.908300   5.090800
1997.500000  12.766900   6.908300   5.090800
1997.500000  12.823900   6.930500   5.114600
2047.000000  12.823900   6.930500   5.114600
2047.000000  12.880800   6.952000   5.138200
2096.500000  12.880800   6.952000   5.138200
2096.500000  12.937700   6.973800   5.161600
2146.000000  12.937700   6.973800   5.161600
2146.000000  12.994400   6.996000   5.184800
2195.500000  12.994400   6.996000   5.184800
2195.500000  13.050500   7.017700   5.207800
2245.000000  13.050500   7.017700   5.207800
2245.000000  13.106100   7.039500   5.230600
2294.500000  13.106100   7.039500   5.230600
2294.500000  13.161500   7.061300   5.253300
2344.000000  13.161500   7.061300   5.253300
2344.000000  13.217900   7.082700   5.275800
2393.500000  13.217900   7.082700   5.275800
2393.500000  13.274000   7.103800   5.298100
2443.000000  13.274000   7.103800   5.298100
2443.000000  13.330000   7.125600   5.320200
2492.500000  13.330000   7.125600   5.320200
2492.500000  13.386900   7.147600   5.342200
2542.000000  13.386900   7.147600   5.342200
2542.000000  13.444800   7.169400   5.363900
2591.500000  13.444800   7.169400   5.363900
2591.500000  13.502500   7.191700   5.385500
2640.000000  13.502500   7.191700   5.385500
2640.000000  13.560400   7.214200   5.406900
2690.000000  13.560400   7.214200   5.406900
2690.000000  13.619800   7.236900   5.428200
2740.000000  13.619800   7.236900   5.428200
2740.000000  13.651600   7.253900   5.706500
2789.669900  13.651600   7.253900   5.706500
2789.669900  13.655200   7.264600   5.732700
2839.330100  13.655200   7.264600   5.732700
2839.330100  13.658500   7.275800   5.759000
2891.500000  13.658500   7.275800   5.759000
2891.500000   8.019100   0.000000   9.954300
2939.330100   8.019100   0.000000   9.954300
2939.330100   8.083000   0.000000  10.033200
2989.659900   8.083000   0.000000  10.033200
2989.659900   8.174500   0.000000  10.110300
3039.990000   8.174500   0.000000  10.110300
3039.990000   8.266500   0.000000  10.185900
3090.320100   8.266500   0.000000  10.185900
3090.320100   8.355900   0.000000  10.259800
3140.659900   8.355900   0.000000  10.259800
3140.659900   8.442900   0.000000  10.332100
3190.990000   8.442900   0.000000  10.332100
3190.990000   8.527400   0.000000  10.402900
3241.320100   8.527400   0.000000  10.402900
3241.320100   8.609200   0.000000  10.472000
3291.649900   8.609200   0.000000  10.472000
3291.649900   8.688800   0.000000  10.539600
3341.980000   8.688800   0.000000  10.539600
3341.980000   8.765800   0.000000  10.605800
3392.310100   8.765800   0.000000  10.605800
3392.310100   8.839700   0.000000  10.670400
3442.639900   8.839700   0.000000  10.670400
3442.639900   8.911000   0.000000  10.733500
3492.970000   8.911000   0.000000  10.733500
3492.970000   8.979800   0.000000  10.795200
3543.300100   8.979800   0.000000  10.795200
3543.300100   9.046400   0.000000  10.855400
3593.639900   9.046400   0.000000  10.855400
3593.639900   9.110800   0.000000  10.914300
3643.970000   9.110800   0.000000  10.914300
3643.970000   9.173300   0.000000  10.971800
3694.300100   9.173300   0.000000  10.971800
3694.300100   9.233700   0.000000  11.027800
3744.629900   9.233700   0.000000  11.027800
3744.629900   9.291900   0.000000  11.082500
3794.960000   9.291900   0.000000  11.082500
3794.960000   9.348200   0.000000  11.135900
3845.290100   9.348200   0.000000  11.135900
3845.290100   9.402800   0.000000  11.188000
3895.620200   9.402800   0.000000  11.188000
3895.620200   9.455500   0.000000  11.238800
3945.950000   9.455500   0.000000  11.238800
3945.950000   9.505900   0.000000  11.288300
3996.280100   9.505900   0.000000  11.288300
3996.280100   9.554100   0.000000  11.336500
4046.620200   9.554100   0.000000  11.336500
4046.620200   9.600400   0.000000  11.383600
4096.950300   9.600400   0.000000  11.383600
4096.950300   9.645200   0.000000  11.429500
4147.279900   9.645200   0.000000  11.429500
4147.279900   9.688600   0.000000  11.474100
4197.610000   9.688600   0.000000  11.474100
4197.610000   9.730600   0.000000  11.517600
4247.940100   9.730600   0.000000  11.517600
4247.940100   9.771300   0.000000  11.560000
4298.270200   9.771300   0.000000  11.560000
4298.270200   9.810900   0.000000  11.601200
4348.600300   9.810900   0.000000  11.601200
4348.600300   9.849300   0.000000  11.641400
4398.930400   9.849300   0.000000  11.641400
4398.930400   9.886600   0.000000  11.680500
4449.260000   9.886600   0.000000  11.680500
4449.260000   9.923000   0.000000  11.718500
4499.600300   9.923000   0.000000  11.718500
4499.600300   9.958500   0.000000  11.755500
4549.930400   9.958500   0.000000  11.755500
4549.930400   9.993200   0.000000  11.791500
4600.260000   9.993200   0.000000  11.791500
4600.260000  10.027100   0.000000  11.826500
4650.590100  10.027100   0.000000  11.826500
4650.590100  10.060300   0.000000  11.860500
4700.920200  10.060300   0.000000  11.860500
4700.920200  10.093100   0.000000  11.893500
4751.250300  10.093100   0.000000  11.893500
4751.250300  10.125500   0.000000  11.925600
4801.580400  10.125500   0.000000  11.925600
4801.580400  10.157700   0.000000  11.956800
4851.910500  10.157700   0.000000  11.956800
4851.910500  10.189400   0.000000  11.986200
4902.240600  10.189400   0.000000  11.986200
4902.240600  10.218900   0.000000  12.015600
4952.580400  10.218900   0.000000  12.015600
4952.580400  10.244700   0.000000  12.045200
5002.910500  10.244700   0.000000  12.045200
5002.910500  10.265500   0.000000  12.073000
5053.240600  10.265500   0.000000  12.073000
5053.240600  10.279900   0.000000  12.100000
5103.570200  10.287200   0.000000  12.126200
