20.000000 5.800000 3.460000 2.720000 872.355979 599.990000 0.000000 0.000000 1.000000 1.000000
15.000000 6.500000 3.850000 2.920000 853.372571 497.305000 0.000000 0.000000 1.000000 1.000000
42.000000 8.042500 4.485000 3.332600 783.000000 343.000000 0.000000 0.000000 1.000000 1.000000
43.000000 8.047500 4.495000 3.358400 555.000000 240.000000 0.000000 0.000000 1.000000 1.000000
45.000000 8.112300 4.504500 3.399000 117.000000 76.300000 0.000000 0.000000 1.000000 1.000000
45.000000 8.237400 4.513700 3.347700 122.000000 77.900000 0.000000 0.000000 1.000000 1.000000
50.000000 8.390500 4.563400 3.345300 213.000000 135.000000 0.000000 0.000000 1.000000 1.000000
50.000000 8.572600 4.652500 3.388600 218.000000 138.000000 0.000000 0.000000 1.000000 1.000000
50.000000 8.755300 4.739400 3.434400 224.000000 141.000000 0.000000 0.000000 1.000000 1.000000
50.000000 8.938000 4.826300 3.482200 231.000000 145.000000 0.000000 0.000000 1.000000 1.000000
50.000000 9.443300 5.133000 3.929500 259.000000 164.000000 0.000000 0.000000 1.000000 1.000000
50.000000 9.611400 5.238800 3.925300 261.000000 166.000000 0.000000 0.000000 1.000000 1.000000
50.000000 9.779400 5.345000 3.922500 263.000000 168.000000 0.000000 0.000000 1.000000 1.000000
50.000000 9.947300 5.451300 3.921200 265.000000 170.000000 0.000000 0.000000 1.000000 1.000000
50.000000 10.115300 5.557000 3.920400 267.000000 172.000000 0.000000 0.000000 1.000000 1.000000
50.000000 10.856200 6.024600 4.268700 837.000000 546.000000 0.000000 0.000000 1.000000 1.000000
50.000000 10.988300 6.149300 4.327500 818.000000 541.000000 0.000000 0.000000 1.000000 1.000000
49.500000 11.095300 6.226200 4.384200 806.000000 535.000000 0.000000 0.000000 1.000000 1.000000
49.500000 11.179000 6.261100 4.438400 800.000000 529.000000 0.000000 0.000000 1.000000 1.000000
49.500000 11.264600 6.298100 4.490600 793.000000 524.000000 0.000000 0.000000 1.000000 1.000000
49.500000 11.348100 6.334100 4.540800 787.000000 518.000000 0.000000 0.000000 1.000000 1.000000
49.500000 11.429900 6.368900 4.579000 781.000000 513.000000 0.000000 0.000000 1.000000 1.000000
49.500000 11.509700 6.402100 4.606200 775.000000 508.000000 0.000000 0.000000 1.000000 1.000000
49.500000 11.587800 6.434800 4.633300 769.000000 503.000000 0.000000 0.000000 1.000000 1.000000
49.500000 11.664100 6.466800 4.660100 763.000000 498.000000 0.000000 0.000000 1.000000 1.000000
49.500000 11.739300 6.497600 4.686800 758.000000 493.000000 0.000000 0.000000 1.000000 1.000000
49.500000 11.812800 6.528100 4.713400 752.000000 488.000000 0.000000 0.000000 1.000000 1.000000
49.500000 11.884800 6.557900 4.739700 747.000000 483.000000 0.000000 0.000000 1.000000 1.000000
49.500000 11.954900 6.586800 4.765900 741.000000 478.000000 0.000000 0.000000 1.000000 1.000000
49.500000 12.023000 6.614700 4.792000 736.000000 474.000000 0.000000 0.000000 1.000000 1.000000
49.500000 12.090800 6.641900 4.817900 730.000000 469.000000 0.000000 0.000000 1.000000 1.000000
49.500000 12.157900 6.668300 4.843500 725.000000 465.000000 0.000000 0.000000 1.000000 1.000000
49.500000 12.223400 6.694100 4.868900 720.000000 461.000000 0.000000 0.000000 1.000000 1.000000
49.500000 12.286900 6.719600 4.894300 715.000000 457.000000 0.000000 0.000000 1.000000 1.000000
49.500000 12.349600 6.745100 4.919500 710.000000 452.000000 0.000000 0.000000 1.000000 1.000000
49.500000 12.411900 6.769900 4.944500 705.000000 448.000000 0.000000 0.000000 1.000000 1.000000
49.500000 12.472800 6.793800 4.969300 700.000000 444.000000 0.000000 0.000000 1.000000 1.000000
49.500000 12.533300 6.817200 4.993900 694.000000 440.000000 0.000000 0.000000 1.000000 1.000000
49.500000 12.593100 6.840300 5.018400 686.000000 434.000000 0.000000 0.000000 1.000000 1.000000
49.500000 12.651600 6.863000 5.042700 679.000000 428.000000 0.000000 0.000000 1.000000 1.000000
49.500000 12.709500 6.885700 5.066800 670.000000 422.000000 0.000000 0.000000 1.000000 1.000000
49.500000 12.766900 6.908300 5.090800 663.000000 417.000000 0.000000 0.000000 1.000000 1.000000
49.500000 12.823900 6.930500 5.114600 659.000000 413.000000 0.000000 0.000000 1.000000 1.000000
49.500000 12.880800 6.952000 5.138200 653.000000 409.000000 0.000000 0.000000 1.000000 1.000000
49.500000 12.937700 6.973800 5.161600 648.000000 405.000000 0.000000 0.000000 1.000000 1.000000
49.500000 12.994400 6.996000 5.184800 643.000000 401.000000 0.000000 0.000000 1.000000 1.000000
49.500000 13.050500 7.017700 5.207800 635.000000 395.000000 0.000000 0.000000 1.000000 1.000000
49.500000 13.106100 7.039500 5.230600 627.000000 390.000000 0.000000 0.000000 1.000000 1.000000
49.500000 13.161500 7.061300 5.253300 621.000000 385.000000 0.000000 0.000000 1.000000 1.000000
49.500000 13.217900 7.082700 5.275800 615.000000 381.000000 0.000000 0.000000 1.000000 1.000000
49.500000 13.274000 7.103800 5.298100 611.000000 377.000000 0.000000 0.000000 1.000000 1.000000
49.500000 13.330000 7.125600 5.320200 606.000000 374.000000 0.000000 0.000000 1.000000 1.000000
49.500000 13.386900 7.147600 5.342200 600.000000 370.000000 0.000000 0.000000 1.000000 1.000000
49.500000 13.444800 7.169400 5.363900 595.000000 366.000000 0.000000 0.000000 1.000000 1.000000
48.500000 13.502500 7.191700 5.385500 590.000000 362.000000 0.000000 0.000000 1.000000 1.000000
50.000000 13.560400 7.214200 5.406900 583.000000 357.000000 0.000000 0.000000 1.000000 1.000000
50.000000 13.619800 7.236900 5.428200 577.000000 353.000000 0.000000 0.000000 1.000000 1.000000
49.669900 13.651600 7.253900 5.706500 446.000000 273.000000 0.000000 0.000000 1.000000 1.000000
49.660200 13.655200 7.264600 5.732700 447.000000 274.000000 0.000000 0.000000 1.000000 1.000000
52.169900 13.658500 7.275800 5.759000 447.000000 274.000000 0.000000 0.000000 1.000000 1.000000
47.830100 8.019100 0.000000 9.954300 57800.000000 0.000000 0.000000 0.000000 1.000000 1.000000
50.329800 8.083000 0.000000 10.033200 57800.000000 0.000000 0.000000 0.000000 1.000000 1.000000
50.330100 8.174500 0.000000 10.110300 57800.000000 0.000000 0.000000 0.000000 1.000000 1.000000
50.330100 8.266500 0.000000 10.185900 57800.000000 0.000000 0.000000 0.000000 1.000000 1.000000
50.339800 8.355900 0.000000 10.259800 57800.000000 0.000000 0.000000 0.000000 1.000000 1.000000
50.330100 8.442900 0.000000 10.332100 57800.000000 0.000000 0.000000 0.000000 1.000000 1.000000
50.330100 8.527400 0.000000 10.402900 57800.000000 0.000000 0.000000 0.000000 1.000000 1.000000
50.329800 8.609200 0.000000 10.472000 57800.000000 0.000000 0.000000 0.000000 1.000000 1.000000
50.330100 8.688800 0.000000 10.539600 57800.000000 0.000000 0.000000 0.000000 1.000000 1.000000
50.330100 8.765800 0.000000 10.605800 57800.000000 0.000000 0.000000 0.000000 1.000000 1.000000
50.329800 8.839700 0.000000 10.670400 57800.000000 0.000000 0.000000 0.000000 1.000000 1.000000
50.330100 8.911000 0.000000 10.733500 57800.000000 0.000000 0.000000 0.000000 1.000000 1.000000
50.330100 8.979800 0.000000 10.795200 57800.000000 0.000000 0.000000 0.000000 1.000000 1.000000
50.339800 9.046400 0.000000 10.855400 57800.000000 0.000000 0.000000 0.000000 1.000000 1.000000
50.330100 9.110800 0.000000 10.914300 57800.000000 0.000000 0.000000 0.000000 1.000000 1.000000
50.330100 9.173300 0.000000 10.971800 57800.000000 0.000000 0.000000 0.000000 1.000000 1.000000
50.329800 9.233700 0.000000 11.027800 57800.000000 0.000000 0.000000 0.000000 1.000000 1.000000
50.330100 9.291900 0.000000 11.082500 57800.000000 0.000000 0.000000 0.000000 1.000000 1.000000
50.330100 9.348200 0.000000 11.135900 57800.000000 0.000000 0.000000 0.000000 1.000000 1.000000
50.330100 9.402800 0.000000 11.188000 57800.000000 0.000000 0.000000 0.000000 1.000000 1.000000
50.329800 9.455500 0.000000 11.238800 57800.000000 0.000000 0.000000 0.000000 1.000000 1.000000
50.330100 9.505900 0.000000 11.288300 57800.000000 0.000000 0.000000 0.000000 1.000000 1.000000
50.340100 9.554100 0.000000 11.336500 57800.000000 0.000000 0.000000 0.000000 1.000000 1.000000
50.330100 9.600400 0.000000 11.383600 57800.000000 0.000000 0.000000 0.000000 1.000000 1.000000
50.329600 9.645200 0.000000 11.429500 57800.000000 0.000000 0.000000 0.000000 1.000000 1.000000
50.330100 9.688600 0.000000 11.474100 57800.000000 0.000000 0.000000 0.000000 1.000000 1.000000
50.330100 9.730600 0.000000 11.517600 57800.000000 0.000000 0.000000 0.000000 1.000000 1.000000
50.330100 9.771300 0.000000 11.560000 57800.000000 0.000000 0.000000 0.000000 1.000000 1.000000
50.330100 9.810900 0.000000 11.601200 57800.000000 0.000000 0.000000 0.000000 1.000000 1.000000
50.330100 9.849300 0.000000 11.641400 57800.000000 0.000000 0.000000 0.000000 1.000000 1.000000
50.329600 9.886600 0.000000 11.680500 57800.000000 0.000000 0.000000 0.000000 1.000000 1.000000
50.340300 9.923000 0.000000 11.718500 57800.000000 0.000000 0.000000 0.000000 1.000000 1.000000
50.330100 9.958500 0.000000 11.755500 57800.000000 0.000000 0.000000 0.000000 1.000000 1.000000
50.329600 9.993200 0.000000 11.791500 57800.000000 0.000000 0.000000 0.000000 1.000000 1.000000
50.330100 10.027100 0.000000 11.826500 57800.000000 0.000000 0.000000 0.000000 1.000000 1.000000
50.330100 10.060300 0.000000 11.860500 57800.000000 0.000000 0.000000 0.000000 1.000000 1.000000
50.330100 10.093100 0.000000 11.893500 57800.000000 0.000000 0.000000 0.000000 1.000000 1.000000
50.330100 10.125500 0.000000 11.925600 57800.000000 0.000000 0.000000 0.000000 1.000000 1.000000
50.330100 10.157700 0.000000 11.956800 57800.000000 0.000000 0.000000 0.000000 1.000000 1.000000
50.330100 10.189400 0.000000 11.986200 57800.000000 0.000000 0.000000 0.000000 1.000000 1.000000
50.339800 10.218900 0.000000 12.015600 57800.000000 0.000000 0.000000 0.000000 1.000000 1.000000
50.330100 10.244700 0.000000 12.045200 57800.000000 0.000000 0.000000 0.000000 1.000000 1.000000
50.330100 10.265500 0.000000 12.073000 57800.000000 0.000000 0.000000 0.000000 1.000000 1.000000
50.329600 10.279900 0.000000 12.100000 57800.000000 0.000000 0.000000 0.000000 1.000000 1.000000
49.930200 10.287200 0.000000 12.126200 57800.000000 0.000000 0.000000 0.000000 1.000000 1.000000
