3.294111870304315293e+00
3.278907939379890557e+00
3.248444810925668058e+00
3.215639320998024075e+00
3.184793748986654904e+00
3.159138357812712350e+00
3.141606395791288531e+00
3.133509102141694314e+00
3.132766920272477940e+00
3.133741771870000470e+00
3.132766922334933479e+00
3.133509095713335135e+00
3.141606373629638238e+00
3.159138319738007628e+00
3.184793699166909686e+00
3.215639265005504566e+00
3.248444754431546233e+00
3.278907893791124462e+00
3.294111870304285539e+00
3.278907916585512172e+00
3.523630130833285801e+00
3.215639293001764099e+00
3.184793724076780297e+00
3.159138338775356658e+00
3.141606384710460720e+00
3.133509098927510284e+00
3.132766921303704155e+00
3.133741771870000470e+00
3.132766921303704155e+00
3.133509098927510284e+00
3.141606384710460720e+00
3.159138338775356658e+00
3.184793724076780297e+00
3.215639293001764099e+00
3.523630130833285801e+00
3.278907916585512172e+00
