3.227908250070819385e+00
3.227908250070819829e+00
3.227908250070819385e+00
3.227908250070821605e+00
3.227908250070821161e+00
3.227908250070819829e+00
3.227908250070819385e+00
3.227908250070821161e+00
3.227908250070821161e+00
3.227908250070821605e+00
3.227908250070819385e+00
3.227908250070819385e+00
3.227908250070819385e+00
3.227908250070818053e+00
3.227908250070821161e+00
3.227908250070820273e+00
3.227908250070820273e+00
3.227908250070819385e+00
3.227908250070819829e+00
3.227908250070819385e+00
3.227908250070819385e+00
3.227908250070821605e+00
3.227908250070821161e+00
3.227908250070819385e+00
3.227908250070819385e+00
3.227908250070819829e+00
3.227908250070819385e+00
3.227908250070819385e+00
3.227908250070819385e+00
3.227908250070819829e+00
3.227908250070819385e+00
3.227908250070819385e+00
3.227908250070821161e+00
3.227908250070821605e+00
3.227908250070819385e+00
3.227908250070819385e+00
