sedi 0.169999 9.36984e-07
moho  42.1231 7.5409e-05
       0        0        0        0        0        0        0
    0.05        0     0.05        0     0.05        0        0
     0.1        0      0.1        0      0.1        0        0
    0.15        0     0.15        0     0.15        0        0
   0.169        0    0.169        0    0.169        0        0
    1.17  2.60426     1.17  4.52948 0.169998        0  1.92522
    2.17  2.60426     2.17  4.52948     1.17   6.4547  1.92522
    3.17  2.60426     3.17  4.52948     2.17   6.4547  1.92522
    4.17  2.60426     4.17  4.52948     3.17   6.4547  1.92522
    5.17  2.60426     5.17  4.52948     4.17   6.4547  1.92522
    6.17  2.60426     6.17  4.52948     5.17   6.4547  1.92522
    7.17  2.60426     7.17  4.52948     6.17   6.4547  1.92522
    8.17  2.60426     8.17  4.52948     7.17   6.4547  1.92522
    9.17  2.60426     9.17  4.52948     8.17   6.4547  1.92522
   10.17  2.60426    10.17  4.52948     9.17   6.4547  1.92522
   11.17  2.67158    11.17  4.39568    10.17   6.4547   1.7241
   12.17  2.67158    12.17  4.39568    11.17  6.11977   1.7241
   13.17  2.67158    13.17  4.39568    12.17  6.11977   1.7241
   14.17  2.67158    14.17  4.39568    13.17  6.11977   1.7241
   15.17  2.67158    15.17  4.39568    14.17  6.11977   1.7241
   16.17  2.67158    16.17  4.39568    15.17  6.11977   1.7241
   17.17  2.67158    17.17  4.39568    16.17  6.11977   1.7241
   18.17  2.67158    18.17  4.39568    17.17  6.11977   1.7241
   19.17  2.67158    19.17  4.39568    18.17  6.11977   1.7241
   20.17  2.67158    20.17  4.39568    19.17  6.11977   1.7241
   21.17  1.45067    21.17   3.1225    20.17  6.11977  1.67183
   22.17  1.45067    22.17   3.1225    21.17  4.79434  1.67183
   23.17  1.45067    23.17   3.1225    22.17  4.79434  1.67183
   24.17  1.45067    24.17   3.1225    23.17  4.79434  1.67183
   25.17  1.45067    25.17   3.1225    24.17  4.79434  1.67183
   26.17  1.45067    26.17   3.1225    25.17  4.79434  1.67183
   27.17  1.45067    27.17   3.1225    26.17  4.79434  1.67183
   28.17  1.45067    28.17   3.1225    27.17  4.79434  1.67183
   29.17  1.45067    29.17   3.1225    28.17  4.79434  1.67183
   30.17  1.45067    30.17   3.1225    29.17  4.79434  1.67183
   31.17  1.45067    31.17   3.1225    30.17  4.79434  1.67183
   32.17  1.28325    32.17  3.28478    31.17  4.79434  2.00154
   33.17  1.28325    33.17  3.28478    32.17  5.28632  2.00154
   34.17  1.28325    34.17  3.28478    33.17  5.28632  2.00154
   35.17  1.28325    35.17  3.28478    34.17  5.28632  2.00154
   36.17  1.28325    36.17  3.28478    35.17  5.28632  2.00154
   37.17  1.28325    37.17  3.28478    36.17  5.28632  2.00154
   38.17  1.28325    38.17  3.28478    37.17  5.28632  2.00154
   39.17  1.28325    39.17  3.28478    38.17  5.28632  2.00154
   40.17  1.28325    40.17  3.28478    39.17  5.28632  2.00154
   41.17  1.28325    41.17  3.28478    40.17  5.28632  2.00154
 42.1222  1.28325  42.1222  3.28478    41.17  5.28632  2.00154
  43.123  5.00305   43.123  6.01256  42.1222  5.28632   1.0095
  44.123  5.00305   44.123  6.01256   42.123  5.28632   1.0095
  45.123  5.00305   45.123  6.01256   43.123  7.02206   1.0095
  46.123  5.00305   46.123  6.01256   44.123  7.02206   1.0095
  47.123  5.00305   47.123  6.01256   45.123  7.02206   1.0095
  48.123  5.00305   48.123  6.01256   46.123  7.02206   1.0095
  49.123  5.00305   49.123  6.01256   47.123  7.02206   1.0095
  50.123  5.00305   50.123  6.01256   48.123  7.02206   1.0095
  51.123  5.00305   51.123  6.01256   49.123  7.02206   1.0095
  52.123  5.00305   52.123  6.01256   50.123  7.02206   1.0095
  53.123  5.00305   53.123  6.01256   51.123  7.02206   1.0095
  54.123  5.00305   54.123  6.01256   52.123  7.02206   1.0095
  55.123  5.00305   55.123  6.01256   53.123  7.02206   1.0095
  56.123  5.00305   56.123  6.01256   54.123  7.02206   1.0095
  57.123  5.00305   57.123  6.01256   55.123  7.02206   1.0095
  58.123  5.00305   58.123  6.01256   56.123  7.02206   1.0095
  59.123  5.00305   59.123  6.01256   57.123  7.02206   1.0095
  60.123  5.00305   60.123  6.01256   58.123  7.02206   1.0095
  61.123  5.00305   61.123  6.01256   59.123  7.02206   1.0095
  62.123  5.00305   62.123  6.01256   60.123  7.02206   1.0095
  63.123  5.00305   63.123  6.01256   61.123  7.02206   1.0095
  64.123  5.00305   64.123  6.01256   62.123  7.02206   1.0095
  65.123  5.00305   65.123  6.01256   63.123  7.02206   1.0095
  66.123  5.00305   66.123  6.01256   64.123  7.02206   1.0095
  67.123  5.00305   67.123  6.01256   65.123  7.02206   1.0095
  68.123  5.00305   68.123  6.01256   66.123  7.02206   1.0095
  69.123  5.00305   69.123  6.01256   67.123  7.02206   1.0095
  70.123  5.00305   70.123  6.01256   68.123  7.02206   1.0095
  71.123  5.00305   71.123  6.01256   69.123  7.02206   1.0095
  72.123  5.00305   72.123  6.01256   70.123  7.02206   1.0095
  73.123  5.00305   73.123  6.01256   71.123  7.02206   1.0095
  74.123  5.00306   74.123  6.01256   72.123  7.02206   1.0095
  75.123  5.00306   75.123  6.01256   73.123  7.02206   1.0095
  76.123  5.00306   76.123  6.01256   74.123  7.02206   1.0095
  77.123  5.00306   77.123  6.01256   75.123  7.02206   1.0095
  78.123  5.00306   78.123  6.01256   76.123  7.02206   1.0095
  79.123  5.00306   79.123  6.01256   77.123  7.02206   1.0095
  80.123  5.00306   80.123  6.01256   78.123  7.02206   1.0095
  81.123  5.00306   81.123  6.01256   79.123  7.02206   1.0095
  82.123  5.00306   82.123  6.01256   80.123  7.02206   1.0095
  83.123  5.00306   83.123  6.01256   81.123  7.02206   1.0095
  84.123  5.00306   84.123  6.01256   82.123  7.02206   1.0095
  85.123  5.00306   85.123  6.01256   83.123  7.02206   1.0095
  86.123  5.00306   86.123  6.01256   84.123  7.02206   1.0095
  87.123  5.00306   87.123  6.01256   85.123  7.02206   1.0095
  88.123  5.00306   88.123  6.01256   86.123  7.02206   1.0095
  89.123  5.00306   89.123  6.01256   87.123  7.02206   1.0095
  90.123  5.00306   90.123  6.01256   88.123  7.02206   1.0095
  91.123  5.00306   91.123  6.01256   89.123  7.02206   1.0095
  92.123  5.00306   92.123  6.01256   90.123  7.02206   1.0095
  93.123  5.00306   93.123  6.01256   91.123  7.02206   1.0095
  94.123  5.00306   94.123  6.01256   92.123  7.02206   1.0095
  95.123  5.00306   95.123  6.01256   93.123  7.02206   1.0095
  96.123  5.00306   96.123  6.01256   94.123  7.02206   1.0095
  97.123  5.00306   97.123  6.01256   95.123  7.02206   1.0095
  98.123  5.00306   98.123  6.01256   96.123  7.02206   1.0095
  99.123  5.00306   99.123  6.01256   97.123  7.02206   1.0095
 100.123  5.00306  100.123  6.01256   98.123  7.02206   1.0095
 101.123  5.00306  101.123  6.01256   99.123  7.02206   1.0095
 102.123  5.00306  102.123  6.01256  100.123  7.02206   1.0095
 103.123  5.00306  103.123  6.01256  101.123  7.02206   1.0095
 104.123  5.00306  104.123  6.01256  102.123  7.02206   1.0095
 105.123  5.00306  105.123  6.01256  103.123  7.02206   1.0095
 106.123  5.00305  106.123  6.01255  104.123  7.02206   1.0095
 107.123  5.00305  107.123  6.01255  105.123  7.02206   1.0095
 108.123  5.00305  108.123  6.01255  106.123  7.02205   1.0095
 109.123  5.00305  109.123  6.01255  107.123  7.02205   1.0095
 110.123  5.00305  110.123  6.01255  108.123  7.02205   1.0095
 111.123  5.00305  111.123  6.01255  109.123  7.02205   1.0095
 112.123  5.00305  112.123  6.01255  110.123  7.02205   1.0095
 113.123  5.00305  113.123  6.01255  111.123  7.02205   1.0095
 114.123  5.00305  114.123  6.01255  112.123  7.02205   1.0095
 115.123  5.00305  115.123  6.01255  113.123  7.02205   1.0095
 116.123  5.00305  116.123  6.01255  114.123  7.02205   1.0095
 117.123  5.00305  117.123  6.01255  115.123  7.02205   1.0095
 118.123  5.00305  118.123  6.01255  116.123  7.02205   1.0095
 119.123  5.00305  119.123  6.01255  117.123  7.02205   1.0095
 120.123  5.00305  120.123  6.01255  118.123  7.02205   1.0095
 121.123  5.00305  121.123  6.01255  119.123  7.02205   1.0095
 122.123  5.00305  122.123  6.01255  120.123  7.02205   1.0095
 123.123  5.00305  123.123  6.01255  121.123  7.02205   1.0095
 124.123  5.00305  124.123  6.01255  122.123  7.02205   1.0095
 125.123  5.00305  125.123  6.01255  123.123  7.02205   1.0095
 126.123  5.00305  126.123  6.01255  124.123  7.02205   1.0095
 127.123  5.00305  127.123  6.01255  125.123  7.02205   1.0095
 128.123  5.00305  128.123  6.01255  126.123  7.02205   1.0095
 129.123  5.00305  129.123  6.01255  127.123  7.02205   1.0095
 130.123  5.00305  130.123  6.01255  128.123  7.02205   1.0095
 131.123  5.00305  131.123  6.01255  129.123  7.02205   1.0095
 132.123  5.00305  132.123  6.01255  130.123  7.02205   1.0095
 133.123  5.00305  133.123  6.01255  131.123  7.02205   1.0095
 134.123  5.00305  134.123  6.01255  132.123  7.02205   1.0095
 135.123  5.00305  135.123  6.01255  133.123  7.02205   1.0095
 136.123  5.00305  136.123  6.01255  134.123  7.02205   1.0095
 137.123  5.00306  137.123  6.01256  135.123  7.02205   1.0095
 138.123  5.00306  138.123  6.01256  136.123  7.02205   1.0095
 139.123  5.00306  139.123  6.01256  137.123  7.02206   1.0095
 140.123  5.00306  140.123  6.01256  138.123  7.02206   1.0095
 141.123  5.00306  141.123  6.01256  139.123  7.02206   1.0095
 142.123  5.00306  142.123  6.01256  140.123  7.02206   1.0095
 143.123  5.00306  143.123  6.01256  141.123  7.02206   1.0095
 144.123  5.00306  144.123  6.01256  142.123  7.02206   1.0095
 145.123  5.00306  145.123  6.01256  143.123  7.02206   1.0095
 146.123  5.00306  146.123  6.01256  144.123  7.02206   1.0095
 147.123  5.00306  147.123  6.01256  145.123  7.02206   1.0095
 148.123  5.00306  148.123  6.01256  146.123  7.02206   1.0095
 149.123  5.00306  149.123  6.01256  147.123  7.02206   1.0095
 150.123  5.00306  150.123  6.01256  148.123  7.02206   1.0095
 151.123  5.00306  151.123  6.01256  149.123  7.02206   1.0095
 152.123  5.00306  152.123  6.01256  150.123  7.02206   1.0095
 153.123  5.00306  153.123  6.01256  151.123  7.02206   1.0095
 154.123  5.00306  154.123  6.01256  152.123  7.02206   1.0095
 155.123  5.00306  155.123  6.01256  153.123  7.02206   1.0095
 156.123  5.00306  156.123  6.01256  154.123  7.02206   1.0095
 157.123  5.00306  157.123  6.01256  155.123  7.02206   1.0095
 158.123  5.00306  158.123  6.01256  156.123  7.02206   1.0095
 159.123  5.00306  159.123  6.01256  157.123  7.02206   1.0095
 160.123  5.00306  160.123  6.01256  158.123  7.02206   1.0095
 161.123  5.00306  161.123  6.01256  159.123  7.02206   1.0095
 162.123  5.00306  162.123  6.01256  160.123  7.02206   1.0095
 163.123  5.00306  163.123  6.01256  161.123  7.02206   1.0095
 164.123  5.00306  164.123  6.01256  162.123  7.02206   1.0095
 165.123  5.00306  165.123  6.01256  163.123  7.02206   1.0095
 166.123  5.00306  166.123  6.01256  164.123  7.02206   1.0095
 167.123  5.00306  167.123  6.01256  165.123  7.02206   1.0095
 168.123  5.00306  168.123  6.01256  166.123  7.02206   1.0095
 169.123  5.00306  169.123  6.01256  167.123  7.02206   1.0095
 170.123  5.00306  170.123  6.01256  168.123  7.02206   1.0095
 171.123  5.00306  171.123  6.01256  169.123  7.02206   1.0095
 172.123  5.00306  172.123  6.01256  170.123  7.02206   1.0095
 173.123  5.00306  173.123  6.01256  171.123  7.02206   1.0095
 174.123  5.00306  174.123  6.01256  172.123  7.02206   1.0095
 175.123  5.00306  175.123  6.01256  173.123  7.02206   1.0095
 176.123  5.00306  176.123  6.01256  174.123  7.02206   1.0095
 177.123  5.00306  177.123  6.01256  175.123  7.02206   1.0095
 178.123  5.00306  178.123  6.01256  176.123  7.02206   1.0095
 179.123  5.00306  179.123  6.01256  177.123  7.02206   1.0095
 180.123  5.00306  180.123  6.01256  178.123  7.02206   1.0095
 181.123  5.00306  181.123  6.01256  179.123  7.02206   1.0095
 182.123  5.00306  182.123  6.01256  180.123  7.02206   1.0095
 183.123  5.00306  183.123  6.01256  181.123  7.02206   1.0095
 184.123  5.00306  184.123  6.01256  182.123  7.02206   1.0095
 185.123  5.00306  185.123  6.01256  183.123  7.02206   1.0095
 186.123  5.00306  186.123  6.01256  184.123  7.02206   1.0095
 187.123  5.00306  187.123  6.01256  185.123  7.02206   1.0095
 188.123  5.00306  188.123  6.01256  186.123  7.02206   1.0095
 189.123  5.00306  189.123  6.01256  187.123  7.02206   1.0095
 190.123  5.00306  190.123  6.01256  188.123  7.02206   1.0095
 191.123  5.00306  191.123  6.01256  189.123  7.02206   1.0095
 192.123  5.00306  192.123  6.01256  190.123  7.02206   1.0095
 193.123  5.00306  193.123  6.01256  191.123  7.02206   1.0095
 194.123  5.00306  194.123  6.01256  192.123  7.02206   1.0095
 195.123  5.00306  195.123  6.01256  193.123  7.02206   1.0095
 196.123  5.00306  196.123  6.01256  194.123  7.02206   1.0095
 197.123  5.00306  197.123  6.01256  195.123  7.02206   1.0095
 198.123  5.00306  198.123  6.01256  196.123  7.02206   1.0095
 199.123  5.00306  199.123  6.01256  197.123  7.02206   1.0095
 200.001  5.00306  200.001  6.01256  198.123  7.02206   1.0095
