    0   1.5780   0.0000   1.5780
    1   2.2780   0.0000   2.2780
    2   3.3137   0.0479   3.3741
    3   3.4659   0.0487   3.4528
    4   5.7989   0.0839   5.9047
    5   5.9304   0.0631   5.9731
    6   0.8114   0.0797   0.9032
    7  33.6992   3.3900  32.2431
    8 113.1256   2.1461 113.5365
    9   3.5041   0.0464   3.4199
   10   3.6606   0.0668   3.6530
   11   6.1321   0.0812   5.9849
   12   6.2673   0.0845   6.1854
   13   0.8169   0.0714   0.7231
   14  33.6992   3.3900  32.2431
   15 113.1256   2.1461 113.5365
   16   3.6227   0.0431   3.6802
   17   3.7372   0.0649   3.7487
   18   6.3398   0.0754   6.4403
   19   6.4389   0.0796   6.4999
   20   0.8697   0.0695   0.9225
   21  33.6992   3.3900  32.2431
   22 113.1256   2.1461 113.5365
   23   3.8115   0.0584   3.8160
   24   3.9381   0.0718   3.9403
   25   6.6702   0.1022   6.6780
   26   6.7797   0.0924   6.7859
   27   0.8630   0.0830   0.8654
   28  33.6992   3.3900  32.2431
   29 113.1256   2.1461 113.5365
   30   4.2360   0.0000   4.2360
   31   4.4962   0.0446   4.4821
   32   7.4130   0.0000   7.4130
   33   7.4130   0.0000   7.4130
   34   1.0000   0.0000   1.0000
   35  -0.0029   0.0081  -0.0018
   36   0.0145   0.0068   0.0094
   37   4.1860   0.0000   4.1860
   38   4.4431   0.0441   4.4292
   39   7.3260   0.0000   7.3260
   40   7.3260   0.0000   7.3260
   41   1.0000   0.0000   1.0000
   42  -0.0029   0.0081  -0.0018
   43   0.0145   0.0068   0.0094
   44   4.1830   0.0000   4.1830
   45   4.4399   0.0440   4.4260
   46   7.3200   0.0000   7.3200
   47   7.3200   0.0000   7.3200
   48   1.0000   0.0000   1.0000
   49  -0.0029   0.0081  -0.0018
   50   0.0145   0.0068   0.0094
   51   4.2790   0.0000   4.2790
   52   4.5418   0.0450   4.5276
   53   7.4880   0.0000   7.4880
   54   7.4880   0.0000   7.4880
   55   1.0000   0.0000   1.0000
   56  -0.0029   0.0081  -0.0018
   57   0.0145   0.0068   0.0094
   58   4.4900   0.0000   4.4900
   59   4.7658   0.0473   4.7509
   60   7.8580   0.0000   7.8580
   61   7.8580   0.0000   7.8580
   62   1.0000   0.0000   1.0000
   63  -0.0029   0.0081  -0.0018
   64   0.0145   0.0068   0.0094
