sedi 0.169999 9.36984e-07
moho  42.1231 7.5409e-05
       0    1.578        0    1.578        0    1.578 2.5034e-06
    0.05    1.578     0.05    1.578     0.05    1.578 2.5034e-06
     0.1    2.278      0.1  2.27801      0.1  2.27802 1.07288e-05
    0.15    2.278     0.15  2.27801     0.15  2.27802 1.07288e-05
   0.169    2.278    0.169  2.27801    0.169  2.27802 1.07288e-05
    1.17  3.26575     1.17  3.31368 0.169998  2.27802 0.0479285
    2.17  3.26575     2.17  3.31368     1.17  3.36161 0.0479285
    3.17  3.26575     3.17  3.31368     2.17  3.36161 0.0479285
    4.17  3.26575     4.17  3.31368     3.17  3.36161 0.0479285
    5.17  3.26575     5.17  3.31368     4.17  3.36161 0.0479285
    6.17  3.26575     6.17  3.31368     5.17  3.36161 0.0479285
    7.17  3.26575     7.17  3.31368     6.17  3.36161 0.0479285
    8.17  3.26575     8.17  3.31368     7.17  3.36161 0.0479285
    9.17  3.26575     9.17  3.31368     8.17  3.36161 0.0479285
   10.17  3.26575    10.17  3.31368     9.17  3.36161 0.0479285
   11.17  3.45767    11.17  3.50407    10.17  3.36161 0.0464002
   12.17  3.45767    12.17  3.50407    11.17  3.55047 0.0464002
   13.17  3.45767    13.17  3.50407    12.17  3.55047 0.0464002
   14.17  3.45767    14.17  3.50407    13.17  3.55047 0.0464002
   15.17  3.45767    15.17  3.50407    14.17  3.55047 0.0464002
   16.17  3.45767    16.17  3.50407    15.17  3.55047 0.0464002
   17.17  3.45767    17.17  3.50407    16.17  3.55047 0.0464002
   18.17  3.45767    18.17  3.50407    17.17  3.55047 0.0464002
   19.17  3.45767    19.17  3.50407    18.17  3.55047 0.0464002
   20.17  3.45767    20.17  3.50407    19.17  3.55047 0.0464002
   21.17  3.57964    21.17  3.62272    20.17  3.55047 0.0430823
   22.17  3.57964    22.17  3.62272    21.17   3.6658 0.0430823
   23.17  3.57964    23.17  3.62272    22.17   3.6658 0.0430823
   24.17  3.57964    24.17  3.62272    23.17   3.6658 0.0430823
   25.17  3.57964    25.17  3.62272    24.17   3.6658 0.0430823
   26.17  3.57964    26.17  3.62272    25.17   3.6658 0.0430823
   27.17  3.57964    27.17  3.62272    26.17   3.6658 0.0430823
   28.17  3.57964    28.17  3.62272    27.17   3.6658 0.0430823
   29.17  3.57964    29.17  3.62272    28.17   3.6658 0.0430823
   30.17  3.57964    30.17  3.62272    29.17   3.6658 0.0430823
   31.17  3.57964    31.17  3.62272    30.17   3.6658 0.0430823
   32.17  3.75313    32.17  3.81153    31.17   3.6658 0.0584031
   33.17  3.75313    33.17  3.81153    32.17  3.86993 0.0584031
   34.17  3.75313    34.17  3.81153    33.17  3.86993 0.0584031
   35.17  3.75313    35.17  3.81153    34.17  3.86993 0.0584031
   36.17  3.75313    36.17  3.81153    35.17  3.86993 0.0584031
   37.17  3.75313    37.17  3.81153    36.17  3.86993 0.0584031
   38.17  3.75313    38.17  3.81153    37.17  3.86993 0.0584031
   39.17  3.75313    39.17  3.81153    38.17  3.86993 0.0584031
   40.17  3.75313    40.17  3.81153    39.17  3.86993 0.0584031
   41.17  3.75313    41.17  3.81153    40.17  3.86993 0.0584031
 42.1222  3.75313  42.1222  3.81153    41.17  3.86993 0.0584031
  43.123  4.23598   43.123  4.23599  42.1222  3.86993 9.53674e-06
  44.123  4.23598   44.123  4.23599   42.123  3.86993 9.53674e-06
  45.123  4.23598   45.123  4.23599   43.123    4.236 9.53674e-06
  46.123  4.23598   46.123  4.23599   44.123    4.236 9.53674e-06
  47.123  4.23598   47.123  4.23599   45.123    4.236 9.53674e-06
  48.123  4.23598   48.123  4.23599   46.123    4.236 9.53674e-06
  49.123  4.23598   49.123  4.23599   47.123    4.236 9.53674e-06
  50.123  4.23598   50.123  4.23599   48.123    4.236 9.53674e-06
  51.123  4.23598   51.123  4.23599   49.123    4.236 9.53674e-06
  52.123  4.23598   52.123  4.23599   50.123    4.236 9.53674e-06
  53.123  4.23598   53.123  4.23599   51.123    4.236 9.53674e-06
  54.123  4.23598   54.123  4.23599   52.123    4.236 9.53674e-06
  55.123  4.23598   55.123  4.23599   53.123    4.236 9.53674e-06
  56.123  4.23598   56.123  4.23599   54.123    4.236 9.53674e-06
  57.123  4.23598   57.123  4.23599   55.123    4.236 9.53674e-06
  58.123  4.23598   58.123  4.23599   56.123    4.236 9.53674e-06
  59.123  4.23598   59.123  4.23599   57.123    4.236 9.53674e-06
  60.123  4.23598   60.123  4.23599   58.123    4.236 9.53674e-06
  61.123  4.23598   61.123  4.23599   59.123    4.236 9.53674e-06
  62.123  4.23598   62.123  4.23599   60.123    4.236 9.53674e-06
  63.123  4.23598   63.123  4.23599   61.123    4.236 9.53674e-06
  64.123  4.23598   64.123  4.23599   62.123    4.236 9.53674e-06
  65.123  4.23598   65.123  4.23599   63.123    4.236 9.53674e-06
  66.123  4.23598   66.123  4.23599   64.123    4.236 9.53674e-06
  67.123  4.23598   67.123  4.23599   65.123    4.236 9.53674e-06
  68.123  4.23598   68.123  4.23599   66.123    4.236 9.53674e-06
  69.123  4.23598   69.123  4.23599   67.123    4.236 9.53674e-06
  70.123  4.23598   70.123  4.23599   68.123    4.236 9.53674e-06
  71.123  4.23598   71.123  4.23599   69.123    4.236 9.53674e-06
  72.123  4.23598   72.123  4.23599   70.123    4.236 9.53674e-06
  73.123  4.23598   73.123  4.23599   71.123    4.236 9.53674e-06
  74.123    4.186   74.123  4.18601   72.123    4.236 6.67572e-06
  75.123    4.186   75.123  4.18601   73.123    4.236 6.67572e-06
  76.123    4.186   76.123  4.18601   74.123  4.18601 6.67572e-06
  77.123    4.186   77.123  4.18601   75.123  4.18601 6.67572e-06
  78.123    4.186   78.123  4.18601   76.123  4.18601 6.67572e-06
  79.123    4.186   79.123  4.18601   77.123  4.18601 6.67572e-06
  80.123    4.186   80.123  4.18601   78.123  4.18601 6.67572e-06
  81.123    4.186   81.123  4.18601   79.123  4.18601 6.67572e-06
  82.123    4.186   82.123  4.18601   80.123  4.18601 6.67572e-06
  83.123    4.186   83.123  4.18601   81.123  4.18601 6.67572e-06
  84.123    4.186   84.123  4.18601   82.123  4.18601 6.67572e-06
  85.123    4.186   85.123  4.18601   83.123  4.18601 6.67572e-06
  86.123    4.186   86.123  4.18601   84.123  4.18601 6.67572e-06
  87.123    4.186   87.123  4.18601   85.123  4.18601 6.67572e-06
  88.123    4.186   88.123  4.18601   86.123  4.18601 6.67572e-06
  89.123    4.186   89.123  4.18601   87.123  4.18601 6.67572e-06
  90.123    4.186   90.123  4.18601   88.123  4.18601 6.67572e-06
  91.123    4.186   91.123  4.18601   89.123  4.18601 6.67572e-06
  92.123    4.186   92.123  4.18601   90.123  4.18601 6.67572e-06
  93.123    4.186   93.123  4.18601   91.123  4.18601 6.67572e-06
  94.123    4.186   94.123  4.18601   92.123  4.18601 6.67572e-06
  95.123    4.186   95.123  4.18601   93.123  4.18601 6.67572e-06
  96.123    4.186   96.123  4.18601   94.123  4.18601 6.67572e-06
  97.123    4.186   97.123  4.18601   95.123  4.18601 6.67572e-06
  98.123    4.186   98.123  4.18601   96.123  4.18601 6.67572e-06
  99.123    4.186   99.123  4.18601   97.123  4.18601 6.67572e-06
 100.123    4.186  100.123  4.18601   98.123  4.18601 6.67572e-06
 101.123    4.186  101.123  4.18601   99.123  4.18601 6.67572e-06
 102.123    4.186  102.123  4.18601  100.123  4.18601 6.67572e-06
 103.123    4.186  103.123  4.18601  101.123  4.18601 6.67572e-06
 104.123    4.186  104.123  4.18601  102.123  4.18601 6.67572e-06
 105.123    4.186  105.123  4.18601  103.123  4.18601 6.67572e-06
 106.123  4.18298  106.123  4.18299  104.123  4.18601 9.53674e-06
 107.123  4.18298  107.123  4.18299  105.123  4.18601 9.53674e-06
 108.123  4.18298  108.123  4.18299  106.123    4.183 9.53674e-06
 109.123  4.18298  109.123  4.18299  107.123    4.183 9.53674e-06
 110.123  4.18298  110.123  4.18299  108.123    4.183 9.53674e-06
 111.123  4.18298  111.123  4.18299  109.123    4.183 9.53674e-06
 112.123  4.18298  112.123  4.18299  110.123    4.183 9.53674e-06
 113.123  4.18298  113.123  4.18299  111.123    4.183 9.53674e-06
 114.123  4.18298  114.123  4.18299  112.123    4.183 9.53674e-06
 115.123  4.18298  115.123  4.18299  113.123    4.183 9.53674e-06
 116.123  4.18298  116.123  4.18299  114.123    4.183 9.53674e-06
 117.123  4.18298  117.123  4.18299  115.123    4.183 9.53674e-06
 118.123  4.18298  118.123  4.18299  116.123    4.183 9.53674e-06
 119.123  4.18298  119.123  4.18299  117.123    4.183 9.53674e-06
 120.123  4.18298  120.123  4.18299  118.123    4.183 9.53674e-06
 121.123  4.18298  121.123  4.18299  119.123    4.183 9.53674e-06
 122.123  4.18298  122.123  4.18299  120.123    4.183 9.53674e-06
 123.123  4.18298  123.123  4.18299  121.123    4.183 9.53674e-06
 124.123  4.18298  124.123  4.18299  122.123    4.183 9.53674e-06
 125.123  4.18298  125.123  4.18299  123.123    4.183 9.53674e-06
 126.123  4.18298  126.123  4.18299  124.123    4.183 9.53674e-06
 127.123  4.18298  127.123  4.18299  125.123    4.183 9.53674e-06
 128.123  4.18298  128.123  4.18299  126.123    4.183 9.53674e-06
 129.123  4.18298  129.123  4.18299  127.123    4.183 9.53674e-06
 130.123  4.18298  130.123  4.18299  128.123    4.183 9.53674e-06
 131.123  4.18298  131.123  4.18299  129.123    4.183 9.53674e-06
 132.123  4.18298  132.123  4.18299  130.123    4.183 9.53674e-06
 133.123  4.18298  133.123  4.18299  131.123    4.183 9.53674e-06
 134.123  4.18298  134.123  4.18299  132.123    4.183 9.53674e-06
 135.123  4.18298  135.123  4.18299  133.123    4.183 9.53674e-06
 136.123  4.18298  136.123  4.18299  134.123    4.183 9.53674e-06
 137.123    4.279  137.123  4.27902  135.123    4.183 1.81198e-05
 138.123    4.279  138.123  4.27902  136.123    4.183 1.81198e-05
 139.123    4.279  139.123  4.27902  137.123  4.27904 1.81198e-05
 140.123    4.279  140.123  4.27902  138.123  4.27904 1.81198e-05
 141.123    4.279  141.123  4.27902  139.123  4.27904 1.81198e-05
 142.123    4.279  142.123  4.27902  140.123  4.27904 1.81198e-05
 143.123    4.279  143.123  4.27902  141.123  4.27904 1.81198e-05
 144.123    4.279  144.123  4.27902  142.123  4.27904 1.81198e-05
 145.123    4.279  145.123  4.27902  143.123  4.27904 1.81198e-05
 146.123    4.279  146.123  4.27902  144.123  4.27904 1.81198e-05
 147.123    4.279  147.123  4.27902  145.123  4.27904 1.81198e-05
 148.123    4.279  148.123  4.27902  146.123  4.27904 1.81198e-05
 149.123    4.279  149.123  4.27902  147.123  4.27904 1.81198e-05
 150.123    4.279  150.123  4.27902  148.123  4.27904 1.81198e-05
 151.123    4.279  151.123  4.27902  149.123  4.27904 1.81198e-05
 152.123    4.279  152.123  4.27902  150.123  4.27904 1.81198e-05
 153.123    4.279  153.123  4.27902  151.123  4.27904 1.81198e-05
 154.123    4.279  154.123  4.27902  152.123  4.27904 1.81198e-05
 155.123    4.279  155.123  4.27902  153.123  4.27904 1.81198e-05
 156.123    4.279  156.123  4.27902  154.123  4.27904 1.81198e-05
 157.123    4.279  157.123  4.27902  155.123  4.27904 1.81198e-05
 158.123    4.279  158.123  4.27902  156.123  4.27904 1.81198e-05
 159.123    4.279  159.123  4.27902  157.123  4.27904 1.81198e-05
 160.123    4.279  160.123  4.27902  158.123  4.27904 1.81198e-05
 161.123    4.279  161.123  4.27902  159.123  4.27904 1.81198e-05
 162.123    4.279  162.123  4.27902  160.123  4.27904 1.81198e-05
 163.123    4.279  163.123  4.27902  161.123  4.27904 1.81198e-05
 164.123    4.279  164.123  4.27902  162.123  4.27904 1.81198e-05
 165.123    4.279  165.123  4.27902  163.123  4.27904 1.81198e-05
 166.123    4.279  166.123  4.27902  164.123  4.27904 1.81198e-05
 167.123    4.279  167.123  4.27902  165.123  4.27904 1.81198e-05
 168.123    4.279  168.123  4.27902  166.123  4.27904 1.81198e-05
 169.123  4.48998  169.123  4.48999  167.123  4.27904 7.62939e-06
 170.123  4.48998  170.123  4.48999  168.123  4.27904 7.62939e-06
 171.123  4.48998  171.123  4.48999  169.123     4.49 7.62939e-06
 172.123  4.48998  172.123  4.48999  170.123     4.49 7.62939e-06
 173.123  4.48998  173.123  4.48999  171.123     4.49 7.62939e-06
 174.123  4.48998  174.123  4.48999  172.123     4.49 7.62939e-06
 175.123  4.48998  175.123  4.48999  173.123     4.49 7.62939e-06
 176.123  4.48998  176.123  4.48999  174.123     4.49 7.62939e-06
 177.123  4.48998  177.123  4.48999  175.123     4.49 7.62939e-06
 178.123  4.48998  178.123  4.48999  176.123     4.49 7.62939e-06
 179.123  4.48998  179.123  4.48999  177.123     4.49 7.62939e-06
 180.123  4.48998  180.123  4.48999  178.123     4.49 7.62939e-06
 181.123  4.48998  181.123  4.48999  179.123     4.49 7.62939e-06
 182.123  4.48998  182.123  4.48999  180.123     4.49 7.62939e-06
 183.123  4.48998  183.123  4.48999  181.123     4.49 7.62939e-06
 184.123  4.48998  184.123  4.48999  182.123     4.49 7.62939e-06
 185.123  4.48998  185.123  4.48999  183.123     4.49 7.62939e-06
 186.123  4.48998  186.123  4.48999  184.123     4.49 7.62939e-06
 187.123  4.48998  187.123  4.48999  185.123     4.49 7.62939e-06
 188.123  4.48998  188.123  4.48999  186.123     4.49 7.62939e-06
 189.123  4.48998  189.123  4.48999  187.123     4.49 7.62939e-06
 190.123  4.48998  190.123  4.48999  188.123     4.49 7.62939e-06
 191.123  4.48998  191.123  4.48999  189.123     4.49 7.62939e-06
 192.123  4.48998  192.123  4.48999  190.123     4.49 7.62939e-06
 193.123  4.48998  193.123  4.48999  191.123     4.49 7.62939e-06
 194.123  4.48998  194.123  4.48999  192.123     4.49 7.62939e-06
 195.123  4.48998  195.123  4.48999  193.123     4.49 7.62939e-06
 196.123  4.48998  196.123  4.48999  194.123     4.49 7.62939e-06
 197.123  4.48998  197.123  4.48999  195.123     4.49 7.62939e-06
 198.123  4.48998  198.123  4.48999  196.123     4.49 7.62939e-06
 199.123  4.48998  199.123  4.48999  197.123     4.49 7.62939e-06
 200.001  4.48998  200.001  4.48999  198.123     4.49 7.62939e-06
