3.243643869858133577e+00
3.243225216097377128e+00
3.242042222675772578e+00
3.240293095514402921e+00
3.238248665915826496e+00
3.236190419154236331e+00
3.234361619807685440e+00
3.232942956081425123e+00
3.232050666239772774e+00
3.231746845362571285e+00
3.232050665193768602e+00
3.232942954057155927e+00
3.234361616955748975e+00
3.236190415729600200e+00
3.238248662288606194e+00
3.240293092149372001e+00
3.242042220067818281e+00
3.243225214670279577e+00
3.243643869858131801e+00
3.243225215383829685e+00
3.242042221371794319e+00
3.240293093831886573e+00
3.238248664102216789e+00
3.236190417441916267e+00
3.234361618381717207e+00
3.232942955069291635e+00
3.232050665716774240e+00
3.231746845362574394e+00
3.232050665716774240e+00
3.232942955069291635e+00
3.234361618381717207e+00
3.236190417441916267e+00
3.238248664102216789e+00
3.240293093831886573e+00
3.242042221371794319e+00
3.243225215383829685e+00
