10.000000   0 0 0.0181051 -1.94422e-05 0.00127578 0.00116002 -0.0494683 0 0 0.0180573 6.50416e-06 0.00176453 -0.0017088 -0.101039 0 0 0.00480069 1.8928e-06 0.000537871 -0.000548198 -0.0386992 0 0 0.000667136 -8.53699e-09 8.33155e-05 -8.51201e-05 -0.00691639 0 0 0 0 0 0 0 0 0 0 0 0 0 0 0 0 0 0 0 0 0 0 0 0 0 0 0 0 0 0 0 0 0 0 0 0 0
12.000000   0 0 0.0135105 -2.86902e-05 0.000901068 0.00159017 -0.0346892 0 0 0.0183275 7.78537e-06 0.00184345 -0.00169879 -0.0949297 0 0 0.00757164 2.97033e-06 0.000881921 -0.000885857 -0.0603684 0 0 0.0016373 3.03312e-08 0.000208389 -0.000211037 -0.016733 0 0 0 0 0 0 0 0 0 0 0 0 0 0 0 0 0 0 0 0 0 0 0 0 0 0 0 0 0 0 0 0 0 0 0 0 0
15.000000   0 0 0.0091647 -3.80543e-05 0.000570338 0.0019612 -0.0263964 0 0 0.0162243 9.18733e-06 0.00172975 -0.00140233 -0.0721157 0 0 0.0106602 5.7271e-06 0.00131386 -0.00127761 -0.0817389 0 0 0.00368217 1.25223e-06 0.000476414 -0.000470977 -0.0353118 0 0 0 0 0 0 0 0 0 0 0 0 0 0 0 0 0 0 0 0 0 0 0 0 0 0 0 0 0 0 0 0 0 0 0 0 0
17.000000   0 0 0.00732174 -4.40482e-05 0.000437669 0.0020876 -0.0256124 0 0 0.0141236 7.85367e-06 0.0015666 -0.00110372 -0.0541023 0 0 0.0117103 7.27236e-06 0.00148959 -0.0014037 -0.0859264 0 0 0.00511678 2.50816e-06 0.000664153 -0.000642143 -0.0465353 0 0 0 0 0 0 0 0 0 0 0 0 0 0 0 0 0 0 0 0 0 0 0 0 0 0 0 0 0 0 0 0 0 0 0 0 0
20.000000   0 0 0.00549026 -5.32323e-05 0.000310434 0.0021476 -0.0271391 0 0 0.0107793 5.08297e-06 0.00125583 -0.000595631 -0.0277969 0 0 0.0118097 8.87821e-06 0.00155126 -0.00136202 -0.0778351 0 0 0.00682656 3.94326e-06 0.000877962 -0.000812583 -0.0558063 0 0 0 0 0 0 0 0 0 0 0 0 0 0 0 0 0 0 0 0 0 0 0 0 0 0 0 0 0 0 0 0 0 0 0 0 0
22.000000   0 0 0.00468033 -5.77255e-05 0.00025466 0.00211844 -0.028881 0 0 0.0087063 1.55527e-06 0.00103315 -0.000262549 -0.012884 0 0 0.0111053 1.03459e-05 0.00147074 -0.00120275 -0.0655095 0 0 0.00746495 6.43099e-06 0.000945447 -0.000841103 -0.0555699 0 0 0 0 0 0 0 0 0 0 0 0 0 0 0 0 0 0 0 0 0 0 0 0 0 0 0 0 0 0 0 0 0 0 0 0 0
25.000000   0 0 0.00386732 -6.49875e-05 0.00020084 0.00200195 -0.0315733 0 0 0.00611574 -4.87557e-06 0.000721977 0.000166166 0.00316381 0 0 0.00942294 8.66006e-06 0.00123703 -0.000854141 -0.0430472 0 0 0.00762601 5.94537e-06 0.000932549 -0.000762828 -0.0474785 0 0 0 0 0 0 0 0 0 0 0 0 0 0 0 0 0 0 0 0 0 0 0 0 0 0 0 0 0 0 0 0 0 0 0 0 0
30.000000   0 0 0.0031488 -6.63998e-05 0.00015981 0.00173412 -0.034966 0 0 0.00335839 -1.38354e-05 0.000351496 0.000614625 0.0147759 0 0 0.00645559 4.39266e-06 0.000793744 -0.000273336 -0.0119924 0 0 0.00656057 7.52239e-06 0.000738575 -0.000471887 -0.0264394 0 0 0 0 0 0 0 0 0 0 0 0 0 0 0 0 0 0 0 0 0 0 0 0 0 0 0 0 0 0 0 0 0 0 0 0 0
36.000000   0 0 0.00276784 -6.50937e-05 0.000147122 0.0014425 -0.0370687 0 0 0.00184567 -2.57996e-05 0.000133596 0.000822004 0.0141385 0 0 0.00397617 -4.30594e-06 0.000423821 0.000170328 0.00603759 0 0 0.00484006 2.31128e-06 0.000485481 -0.000147382 -0.00718054 0 0 0 0 0 0 0 0 0 0 0 0 0 0 0 0 0 0 0 0 0 0 0 0 0 0 0 0 0 0 0 0 0 0 0 0 0
40.000000   0 0 0.00263814 -6.63792e-05 0.000147149 0.00129823 -0.0378428 0 0 0.00139541 -3.14662e-05 6.83325e-05 0.000862422 0.010958 0 0 0.00295181 -8.89291e-06 0.000278603 0.000335765 0.010707 0 0 0.00389748 6.48174e-07 0.000362915 4.29149e-06 0.000346581 0 0 0 0 0 0 0 0 0 0 0 0 0 0 0 0 0 0 0 0 0 0 0 0 0 0 0 0 0 0 0 0 0 0 0 0 0
45.000000   0 0 0.00253479 -7.00102e-05 0.000152931 0.00116289 -0.0383616 0 0 0.00111527 -3.70999e-05 2.91856e-05 0.000870081 0.00632797 0 0 0.00212066 -1.64217e-05 0.00016938 0.000458075 0.0122358 0 0 0.00299208 -4.79424e-06 0.000255812 0.000138379 0.00558968 0 0 0 0 0 0 0 0 0 0 0 0 0 0 0 0 0 0 0 0 0 0 0 0 0 0 0 0 0 0 0 0 0 0 0 0 0
50.000000   0 0 0.00244729 -6.84033e-05 0.000151776 0.0010555 -0.0381911 0 0 0.000972674 -4.02475e-05 1.36104e-05 0.000852056 0.00230844 0 0 0.00157985 -1.93776e-05 0.000101377 0.000523016 0.01177 0 0 0.00231339 -7.37279e-06 0.000180602 0.000224766 0.00830907 0 0 0 0 0 0 0 0 0 0 0 0 0 0 0 0 0 0 0 0 0 0 0 0 0 0 0 0 0 0 0 0 0 0 0 0 0
