   10 ph    3.22642    3.21843   0.003152 gp 0 0 0
   12 ph    3.26583    3.25919   0.003515 gp 0 0 0
   15 ph     3.3212    3.32097   0.004088 gp 0 0 0
   17 ph    3.36602    3.36449   0.003996 gp 0 0 0
   20 ph    3.43388     3.4319   0.003393 gp 0 0 0
   22 ph    3.47976    3.47593   0.003681 gp 0 0 0
   25 ph    3.54355    3.53632   0.005327 gp 0 0 0
   30 ph    3.61537    3.61469   0.006954 gp 0 0 0
   36 ph    3.67139    3.67513   0.007146 gp 0 0 0
   40 ph    3.69862    3.70223   0.008174 gp 0 0 0
   45 ph    3.71759    3.72809   0.008855 gp 0 0 0
   50 ph    3.72865     3.7494   0.011202 gp 0 0 0
