amp    10   0.023022  0.0243926   0.001151  phi    10    23.0377    23.1479    1.43551
amp    12   0.024307  0.0236867   0.001265  phi    12    23.9331    23.2223    1.49942
amp    15    0.02734  0.0224194   0.001486  phi    15    24.1166    23.5569    1.55725
amp    17   0.021016  0.0213304   0.001375  phi    17     25.422    24.0206    1.87343
amp    20   0.017355  0.0191947   0.001139  phi    20    28.2096    25.2488    1.84764
amp    22   0.016931  0.0174959   0.001213  phi    22    30.1918    26.5139    2.00521
amp    25   0.015302  0.0148703   0.001704  phi    25    31.2429    29.1614    3.13219
amp    30   0.011399  0.0114374   0.002167  phi    30    27.9416    35.1797    5.35187
amp    36   0.008884 0.00944758   0.002228  phi    36    29.5969    42.6075    6.98716
amp    40   0.008544 0.00895094   0.002559  phi    40    37.2754    46.4113    8.18191
amp    45   0.006175  0.0087376   0.003169  phi    45    43.3763    49.7595    14.2224
amp    50   0.006797 0.00870656   0.004036  phi    50    78.5602    51.9044    17.0503
