amp    10   0.023022  0.0253764   0.001151  phi    10    23.0377    23.5501    1.43551
amp    12   0.024307  0.0252438   0.001265  phi    12    23.9331    23.5943    1.49942
amp    15    0.02734  0.0232184   0.001486  phi    15    24.1166     23.802    1.55725
amp    17   0.021016  0.0213375   0.001375  phi    17     25.422    24.1068    1.87343
amp    20   0.017355  0.0181929   0.001139  phi    20    28.2096    24.9639    1.84764
amp    22   0.016931  0.0160468   0.001213  phi    22    30.1918    25.8888    2.00521
amp    25   0.015302  0.0130381   0.001704  phi    25    31.2429    27.9097    3.13219
amp    30   0.011399 0.00928733   0.002167  phi    30    27.9416    32.8887    5.35187
amp    36   0.008884 0.00694297   0.002228  phi    36    29.5969    40.0661    6.98716
amp    40   0.008544 0.00623873   0.002559  phi    40    37.2754    44.3493    8.18191
amp    45   0.006175 0.00581748   0.003169  phi    45    43.3763    48.5967    14.2224
amp    50   0.006797 0.00564244   0.004036  phi    50    78.5602    51.5956    17.0503
