10.000000   0.00167018 0.00296331 0.334081 -0.000358753 0.041197 0.037459 -0.0494683 0 0 0.358761 0.000129224 0.0613508 -0.0594129 -0.101039 0 0 0.10022 3.95144e-05 0.0196502 -0.0200275 -0.0386992 0 0 0.0151569 -1.93955e-07 0.00331253 -0.00338428 -0.00691639 0 0 0.00156814 0 0.000327118 -0.000341524 -0.000698438 0.00156814 0.00156814 -1.77831e-07 0 0 0 0 -1.77831e-07 -1.77831e-07 0 0 0 0 0 0 0 0 0 0 0 0 0 0 0 0 0 0 0 0 0
12.000000   0.00143 0.00253627 0.2493 -0.000529401 0.0290969 0.0513491 -0.0346892 0 0 0.364129 0.000154679 0.0640946 -0.0590649 -0.0949297 0 0 0.158067 6.20092e-05 0.0322195 -0.0323633 -0.0603684 0 0 0.0371984 6.89106e-07 0.00828531 -0.00839059 -0.016733 0 0 0.00657253 0 0.00138203 -0.00140838 -0.00330629 0.00657253 0.00657253 2.92224e-05 0 -6.17348e-08 1.96964e-06 1.70614e-05 2.92224e-05 2.92224e-05 0 0 0 0 0 0 0 0 0 0 0 0 0 0 0 0 0 0 0 0 0
15.000000   0.00117707 0.00210702 0.16911 -0.00070219 0.0184171 0.0633303 -0.0263964 0 0 0.322343 0.000182533 0.0601414 -0.0487574 -0.0721157 0 0 0.222545 0.00011956 0.0479996 -0.0466754 -0.0817389 0 0 0.0836565 2.84499e-05 0.0189417 -0.0187255 -0.0353118 0 0 0.0275273 2.4692e-05 0.00569517 -0.00577379 -0.0129666 0.0275273 0.0275273 0.000364906 0 7.45227e-05 -7.45226e-05 -8.79259e-05 0.000364906 0.000364906 0 0 0 0 0 0 0 0 0 0 0 0 0 0 0 0 0 0 0 0 0
17.000000   0.00104935 0.0018954 0.135103 -0.000812791 0.014133 0.0674119 -0.0256124 0 0 0.280606 0.000156036 0.054469 -0.0383752 -0.0541023 0 0 0.244466 0.000151819 0.0544197 -0.0512818 -0.0859264 0 0 0.11625 5.69838e-05 0.026406 -0.0255309 -0.0465353 0 0 0.053506 2.07579e-05 0.0109119 -0.011043 -0.0244731 0.053506 0.053506 0.00152826 0 0.00030173 -0.000303637 -0.000799538 0.00152826 0.00152826 2.68872e-05 0 1.45129e-05 -8.5173e-07 0 2.68872e-05 2.68872e-05 0 0 0 0 0 0 0 0 0 0 0 0 0 0
20.000000   0.000860471 0.00158564 0.101308 -0.00098226 0.0100244 0.0693493 -0.0271391 0 0 0.214163 0.000100988 0.0436639 -0.0207094 -0.0277969 0 0 0.246541 0.000185343 0.0566725 -0.049759 -0.0778351 0 0 0.155095 8.95883e-05 0.0349068 -0.0323074 -0.0558063 0 0 0.109741 8.11709e-05 0.0217514 -0.0217313 -0.0471347 0.109741 0.109741 0.00741514 -2.59837e-05 0.00141274 -0.00147247 -0.00347782 0.00741514 0.00741514 0.000298603 0 6.18317e-05 -5.84193e-05 -9.26097e-05 0.000298603 0.000298603 0 0 0 3.32532e-06 0 0 0 0 0 0 0 0 0 0
22.000000   0.000786934 0.00144198 0.086363 -0.00106517 0.00822336 0.0684076 -0.028881 0 0 0.172976 3.08999e-05 0.0359215 -0.00912853 -0.012884 0 0 0.231836 0.000215983 0.0537311 -0.0439403 -0.0655095 0 0 0.169599 0.000146108 0.0375899 -0.0334413 -0.0555699 0 0 0.153321 0.000156389 0.0296508 -0.0293918 -0.0627474 0.153321 0.153321 0.0161761 -3.07437e-05 0.00303856 -0.00314483 -0.00748862 0.0161761 0.0161761 0.00105809 0 0.000213627 -0.00021616 -0.000460763 0.00105809 0.00105809 5.38401e-05 0 1.47072e-05 -1.47072e-05 0 5.38401e-05 5.38401e-05 0 0 0 0 0 0 0
25.000000   0.000607149 0.00123646 0.071361 -0.00119917 0.00648542 0.0646462 -0.0315733 0 0 0.121507 -9.68673e-05 0.0251023 0.00577741 0.00316381 0 0 0.196715 0.000180789 0.0451928 -0.0312046 -0.0430472 0 0 0.173258 0.000135075 0.0370771 -0.0303292 -0.0474785 0 0 0.214039 0.000265438 0.0397776 -0.0388381 -0.0807206 0.214039 0.214039 0.038414 -9.16089e-05 0.00705696 -0.00730853 -0.0171471 0.038414 0.038414 0.00419006 -4.05045e-06 0.000807775 -0.000839498 -0.00203748 0.00419006 0.00419006 0.000330614 0 7.35735e-05 -7.5835e-05 -0.000222618 0.000330614 0.000330614 2.47904e-05 0 -7.01823e-06 -2.04673e-05 -1.6943e-05 2.47904e-05 2.47904e-05
30.000000   0.000556591 0.00101618 0.0581027 -0.00122523 0.00516052 0.0559973 -0.034966 0 0 0.0667242 -0.00027488 0.0122211 0.0213698 0.0147759 0 0 0.134768 9.17019e-05 0.0289981 -0.00998587 -0.0119924 0 0 0.149052 0.000170904 0.0293649 -0.0187617 -0.0264394 0 0 0.273207 0.00046718 0.0477635 -0.0448832 -0.0891271 0.273207 0.273207 0.0915561 -0.000103011 0.0163233 -0.0167822 -0.0384104 0.0915561 0.0915561 0.018103 -2.65804e-05 0.00345549 -0.00357169 -0.00835636 0.018103 0.018103 0.00274192 0 0.00055703 -0.000571442 -0.00132068 0.00274192 0.00274192 0.000463402 0 9.76222e-05 -9.7322e-05 -0.000222372 0.000463402 0.000463402
36.000000   0.000399755 0.000834178 0.051073 -0.00120113 0.00475081 0.0465805 -0.0370687 0 0 0.0366696 -0.000512584 0.00464498 0.0285801 0.0141385 0 0 0.0830072 -8.98916e-05 0.0154836 0.00622266 0.00603759 0 0 0.109963 5.25108e-05 0.0193022 -0.00585973 -0.00718054 0 0 0.278738 0.000582125 0.0459382 -0.0404204 -0.075893 0.278738 0.278738 0.150899 -5.87515e-05 0.0264822 -0.0270888 -0.0596428 0.150899 0.150899 0.0471198 -5.2478e-05 0.00900079 -0.00927286 -0.0212098 0.0471198 0.0471198 0.0111535 1.5271e-05 0.00225815 -0.00230667 -0.00539679 0.0111535 0.0111535 0.00304578 0 0.000616017 -0.000635475 -0.00153365 0.00304578 0.00304578
40.000000   0.000439209 0.00073007 0.0486798 -0.00122485 0.00475167 0.041922 -0.0378428 0 0 0.0277239 -0.000625167 0.00237584 0.0299854 0.010958 0 0 0.0616226 -0.00018565 0.0101783 0.0122666 0.010707 0 0 0.0885482 1.47261e-05 0.0144291 0.000170625 0.000346581 0 0 0.262619 0.000575365 0.0422221 -0.0346024 -0.0630479 0.262619 0.262619 0.178392 -5.21499e-05 0.0313401 -0.0316247 -0.0682291 0.178392 0.178392 0.0691288 -3.64857e-05 0.013287 -0.0136104 -0.0306092 0.0691288 0.0691288 0.0201626 -1.01615e-05 0.0040818 -0.00418291 -0.00962842 0.0201626 0.0201626 0.00689388 0 0.00138773 -0.00147295 -0.00365366 0.00689388 0.00689388
45.000000   0.000334124 0.000602622 0.0467727 -0.00129185 0.00493838 0.0375515 -0.0383616 0 0 0.022158 -0.000737098 0.00101475 0.0302517 0.00632797 0 0 0.0442712 -0.000342822 0.00618801 0.016735 0.0122358 0 0 0.0679782 -0.000108922 0.0101708 0.00550181 0.00558968 0 0 0.235013 0.000523347 0.0371627 -0.0269563 -0.0474571 0.235013 0.235013 0.199316 2.60875e-05 0.0353526 -0.0351219 -0.073254 0.199316 0.199316 0.095432 -4.99547e-05 0.0185933 -0.0188601 -0.0414128 0.095432 0.095432 0.0342432 -4.70203e-05 0.00701925 -0.00708935 -0.0161123 0.0342432 0.0342432 0.0146926 2.04953e-06 0.00299989 -0.00313657 -0.00757933 0.0146926 0.0146926
50.000000   0.000272002 0.000594557 0.0451581 -0.0012622 0.00490108 0.0340836 -0.0381911 0 0 0.019325 -0.000799634 0.000473216 0.029625 0.00230844 0 0 0.0329813 -0.000404531 0.00370364 0.0191075 0.01177 0 0 0.0525587 -0.000167505 0.00718054 0.00893645 0.00830907 0 0 0.205965 0.000470565 0.0322178 -0.0196985 -0.0338548 0.205965 0.205965 0.208294 0.000149359 0.0374032 -0.0365591 -0.0739381 0.208294 0.208294 0.117896 -2.39063e-05 0.0232166 -0.0234278 -0.0499684 0.117896 0.117896 0.0497459 -5.4241e-06 0.0101677 -0.0103364 -0.0227406 0.0497459 0.0497459 0.0253135 2.44409e-05 0.00514619 -0.00542367 -0.0129527 0.0253135 0.0253135
